version: 1
creator: callgrind-3.11.0
pid: 5733
cmd:  ./um midmark.um
part: 1


desc: I1 cache: 
desc: D1 cache: 
desc: LL cache: 

desc: Timerange: Basic block 0 - 924404357
desc: Trigger: Program termination

positions: line
events: Ir
summary: 3425863588


ob=(1) /usr/lib64/ld-2.17.so
fl=(19) /usr/src/debug////////glibc-2.17-c758a686/string/../sysdeps/x86_64/strcmp.S
fn=(54) strcmp
134 632
+1 632
+1 632
+1 346
+1 346
+1 346
+1 346
cfn=(55) strcmp'2
calls=346 -6 
* 13279
+5 286
+1 286
+1 286
+1 286

fn=(55)
134 1855
+1 1855
+1 1855
+1 1656
+1 1656
+1 1656
+1 1656
cfn=(55)
calls=1509 -6 
* 62766
+2 147
+1 147
+2 199
+1 199
+1 199
+1 199

fl=(1) ???
fn=(0) 0x0000000000000ff0
0 2
cfi=(2) /usr/src/debug/glibc-2.17-c758a686/elf/rtld.c
cfn=(2) _dl_start
calls=1 441 
0 161660
0 14
cfi=(60) /usr/src/debug/glibc-2.17-c758a686/elf/dl-init.c
cfn=(224) _dl_init
calls=1 90 
0 2304
0 3
cob=(6) /h/apantu01/comp40/UM_Hayden/um
cfi=(69) ???
cfn=(272) 0x0000000000400b79
calls=1 0 
0 3425699605

fl=(22) /usr/src/debug////////glibc-2.17-c758a686/posix/../sysdeps/unix/syscall-template.S
fn=(62) uname
81 4
+1 1

fl=(25) /usr/src/debug////////glibc-2.17-c758a686/string/../sysdeps/x86_64/rtld-strchr.S
fn=(70) index
40 10
+1 10
+1 10
+1 10
+1 6
+1 6
+3 6
+1 6
+1 6
-2 28
+1 28
+1 28
+1 34
+1 34
+1 34
+1 34
+1 34
+9 10
+1 10
+1 10
+2 20
+32 10
+1 10
+1 10
+1 10
+2 10
+3 10
-8 2
+1 2
+1 2
+1 2
+2 2
+3 2
+1 12
+1 12
+1 12
+2 12
+5 11
+1 11
+1 11
+3 11
+1 10
+1 10
+1 10
+2 10
+3 6
+1 6
+1 6
+1 6
+2 6
+3 6
+1 6
+1 6
+1 6
+2 6
+5 6
+1 6
+1 6
+3 6
+1 6
+1 6
+1 6
+2 6
+2 3
+1 3
+1 3
+1 3
+2 3
+3 3
+1 3
+1 3
+1 3
+2 3
+5 3
+1 3
+1 3
+3 3
+1 3
+1 3
+1 3
+2 3
+2 3
+1 3
+1 3
+1 3
+2 3
+3 3
+1 3
+1 3
+1 3
+2 3
+5 3
+1 3
+1 3
+3 3
+1 3
+1 3
+1 3
+2 3
+4 9
+1 9
+11 1
+1 1
+1 1
+1 1
+47 1
+1 1

fl=(12) /usr/src/debug/glibc-2.17-c758a686/elf/dl-tunables.c
fn=(26) _dl_process_tunable_env_entries
37 1
-8 1
+8 1
+1 4
+4 93
+1 1
-1 4
+3 2
+12 45
-19 135
+22 2

fl=(37) /usr/src/debug/glibc-2.17-c758a686/elf/dl-deps.c
fn=(126) openaux
60 10
+7 5
-4 15
+1 5
-1 5
+1 5
-1 25
cfi=(23) /usr/src/debug/glibc-2.17-c758a686/elf/dl-load.c
cfn=(94) _dl_map_object
calls=5 2094 
* 13535
* 5
+5 10

fn=(124) _dl_map_object_deps
147 1
+1 1
-1 2
+1 1
-1 1
+1 1
-1 1
+1 2
-1 4
+1 2
-1 1
+1 2
-1 1
+1 10
+15 1
-15 1
+16 1
-2 1
+1 1
-15 1
+16 1
+6 3
+10 1
-10 1
+10 3
-14 1
-4 1
+2 1
+17 1
-17 1
-2 2
+2 1
-2 1
+2 1
-2 1
+1 1
+1 1
+6 3
+10 1
-10 1
+10 3
-16 4
+20 1
+21 1
+1 1
-22 2
+19 1
-12 1
+15 1
-16 1
+13 1
347 9
215 1
+4 1
-8 1
+8 2
-4 4
+4 4
-8 4
+8 8
+12 15
+2 6
+6 3
-6 3
+6 3
+1 3
+4 3
-4 3
+1 3
+3 3
-6 3
+3 3
+3 9
-32 3
+32 6
+50 10
+1 9
-51 316
+1 158
+6 25
cfi=(25)
cfn=(70)
calls=5 40 
* 391
* 10
+5 25
-3 5
+3 5
cfi=(29) /usr/src/debug/glibc-2.17-c758a686/elf/dl-error.c
cfn=(86) _dl_catch_error
calls=5 -97 
* 13910
+2 15
+15 5
+2 10
+5 18
+6 3
+4 3
-10 6
+3 3
+1 3
+6 3
-5 3
+1 3
+4 3
-2 3
+2 6
-2 9
-57 8
-19 2
475 10
+2 9
+3 6
-1 3
cfi=(17) /usr/src/debug/glibc-2.17-c758a686/elf/dl-minimal.c
cfn=(40) malloc
calls=3 93 
* 102
* 3
+2 3
-2 3
+2 3
+3 3
+1 15
-1 3
+1 3
cfi=(18) /usr/src/debug////////glibc-2.17-c758a686/string/../sysdeps/x86_64/memcpy.S
cfn=(46) memcpy
calls=3 61 
* 68
+1 15
cfi=(18)
cfn=(46)
calls=3 61 
* 68
+4 3
-1 3
+5 36
+3 12
-1 5
+1 10
204 1
501 6
+1 2
+3 6
+11 4
-1 1
cfi=(17)
cfn=(40)
calls=1 93 
* 34
* 1
+3 1
-3 1
+3 2
+5 7
+1 4
+2 11
+6 12
+4 4
-10 4
+10 4
-10 9
+6 3
+4 1
-10 1
+10 1
-10 3
+13 2
+53 4
+43 19
+1 2
-1 1
-1 1
+2 1
cfi=(36) /usr/src/debug////////glibc-2.17-c758a686/string/../sysdeps/x86_64/rtld-memset.S
cfn=(116) memset
calls=1 30 
* 16
* 10
+11 1
-6 1
-1 1
+1 1
+6 2
-11 9
+11 3
-6 3
-1 3
+1 3
+6 9
+2 12
+1 6
-1 12
+1 9
+3 21
-1 30
+23 6
-28 12
+31 12
+3 30
cfi=(36)
cfn=(116)
calls=3 30 
* 30
* 17
219 10
+1 22
+2 3
+2 9
+2 22
+71 222
688 2
+2 1
+1 1
-1 1
+9 3
+3 2
+3 8
-42 3
-35 10
cfi=(18)
cfn=(46)
calls=1 61 
* 42
+2 4
226 26

fl=(17)
fn=(44) __libc_memalign
51 108
+1 133
+11 26
+1 26
-1 26
+3 26
-3 26
+3 52
-3 1
+1 1
-1 1
+3 1
-3 1
+3 98
+4 12
+1 9
+6 21
cfi=(34) /usr/src/debug/glibc-2.17-c758a686/misc/../sysdeps/unix/sysv/linux/wordsize-64/mmap.c
cfn=(112) mmap
calls=3 -45 
* 99
+2 15
+4 9
+3 3
+1 3
+2 15
-3 24
+1 24
+2 192
-31 3
+1 1
-2 3

fn=(36) calloc
102 10
+7 30
-3 10
+3 20
+4 10
cfn=(40)
calls=10 -20 
* 441
* 10

fn=(74) strsep
340 3
+1 6
+4 64
+7 156
-2 106
+4 2
+6 26
-15 79
+18 1
+4 1
-4 1
+4 2
-11 2
+1 1

fn=(40)
93 26
+1 52
cfn=(44)
calls=26 -43 
* 881
* 26

fl=(31) /usr/src/debug/glibc-2.17-c758a686/elf/dl-misc.c
fn=(134) _dl_sysdep_read_whole_file
43 1
+7 1
-7 3
+7 1
-7 1
+1 1
-1 2
+7 1
cfi=(32) /usr/src/debug////////glibc-2.17-c758a686/io/../sysdeps/unix/syscall-template.S
cfn=(102) open
calls=1 +31 
* 5
+1 1
-1 1
+1 1
+2 4
cfi=(33) /usr/src/debug/glibc-2.17-c758a686/io/../sysdeps/unix/sysv/linux/wordsize-64/fxstat.c
cfn=(110) _fxstat
calls=1 -17 
* 10
* 2
+2 1
+3 1
-3 1
+3 1
+13 2
cfi=(32)
cfn=(120) close
calls=1 +10 
* 5
+3 7
-14 6
cfi=(34)
cfn=(112)
calls=1 -28 
* 33
* 2

fn=(96) _dl_name_match_p
304 515
+1 206
cfi=(19)
cfn=(54)
calls=103 134 
* 728
* 103
+1 103
-1 103
+3 103
+2 206
+4 104
-4 208
+1 333
cfi=(19)
cfn=(54)
calls=111 134 
* 2072
* 222
-5 7
+11 131
-1 96
+1 384

fl=(2)
fn=(50) rtld_lock_default_lock_recursive
917 10

fn=(92) map_doit
704 2
+2 7
cfi=(23)
cfn=(94)
calls=1 2094 
* 2580
* 1
+2 2

fn=(52) rtld_lock_default_unlock_recursive
923 10

fn=(24) dl_main
1005 10
+19 1
2598 1
1005 1
2598 1
1005 1
+19 1
+3 1
-22 2
+22 1
+4 2
+1 2
+5 2
2591 2
+7 1
-5 1
+5 4
+5 1
cfi=(12)
cfn=(26)
calls=1 37 
* 289
* 1
-9 4
+11 2
cfi=(13) /usr/src/debug/glibc-2.17-c758a686/elf/dl-environ.c
cfn=(28) _dl_next_ld_env_entry
calls=1 30 
* 168
* 4
cfi=(13)
cfn=(28)
calls=2 30 
* 138
* 9
+4 48
+1 19
-1 57
+3 4
+6 16
2766 3
+30 3
1045 2
-2 1
+2 1
1241 7
cfi=(15) /usr/src/debug/glibc-2.17-c758a686/elf/dl-object.c
cfn=(32) _dl_new_object
calls=1 62 
* 244
* 1
+3 1
+1 1
+5 2
-5 1
+1 1
1014 1
1246 1
+4 1
cfi=(15)
cfn=(48) _dl_add_to_namespace_list
calls=1 33 
* 34
* 3
+30 1
-3 1
-5 1
+1 1
+2 1
+5 6
+56 2
1011 1
1336 2
-55 24
-1 27
+1 47
-1 2
1383 3
+3 2
+2 2
+2 2
+13 2
+1 8
cfi=(19)
cfn=(54)
calls=1 134 
* 7
* 3
+11 1
-4 1
+1 1
-3 1
+6 1
+6 2
fi=(3) /usr/src/debug/glibc-2.17-c758a686/elf/get-dynamic-info.h
29 1
+9 2
+6 1
-2 1
+2 2
+7 1
+5 1
+3 1
+2 1
-3 1
-3 1
-3 14
+10 3
-18 9
+8 21
+10 21
-18 63
+2 48
+5 12
+18 3
+67 3
+14 3
+18 2
fe=(2)
1426 2
cfi=(6) /usr/src/debug/glibc-2.17-c758a686/elf/dl-lookup.c
cfn=(10) _dl_setup_hash
calls=1 865 
* 14
+3 2
fi=(20) /usr/src/debug/glibc-2.17-c758a686/elf/setup-vdso.h
24 2
fe=(2)
1451 1
cfi=(21) /usr/src/debug/glibc-2.17-c758a686/elf/../sysdeps/unix/sysv/linux/dl-sysdep.c
cfn=(60) _dl_discover_osversion
calls=1 45 
* 93
* 8
1285 3
+1 1
+90 2
+1 2
+1 1
-6 2
+1 1
-37 2
-1 2
+1 4
-1 2
+2 4
+1 1
+3 2
+1 2
-1 2
+1 2
+1 2
+1 6
+1 2
-45 1
+9 1
-9 1
+9 1
-7 1
+25 1
-25 1
-3 1
+10 1
-19 3
+1 1
2693 4
+1 4
cfi=(14) /usr/src/debug/glibc-2.17-c758a686/string/../string/memcmp.c
cfn=(30) bcmp
calls=1 319 
* 120
* 2
+2 3
-57 4
cfi=(14)
cfn=(30)
calls=1 319 
* 26
* 2
+7 4
cfi=(14)
cfn=(30)
calls=1 319 
* 80
* 2
+2 3
1456 2
cfi=(23)
cfn=(64) _dl_init_paths
calls=1 710 
* 1934
+3 3
cfi=(26) /usr/src/debug/glibc-2.17-c758a686/elf/dl-debug.c
cfn=(76) _dl_debug_initialize
calls=1 51 
* 17
+7 1
-7 1
+2 1
+5 1
+3 3
+1 1
+3 1
-3 3
+1 2
+3 1
+5 1
-7 1
+7 1
+1 5
+4 1
+4 1
-2 4
+1 2
+1 3
+5 2
+1 6
+2 2
+1 2
+5 2
+6 4
+1 2
-2 1
1020 1
1688 1
cfi=(27) /usr/src/debug/glibc-2.17-c758a686/elf/../elf/dl-tls.c
cfn=(78) _dl_count_modids
calls=1 111 
* 4
* 1
+8 3
+3 2
+4 3
+7 1
+4 3
+19 3
+16 3
cfi=(32)
cfn=(122) access
calls=1 81 
* 9
* 2
+77 4
+17 3
+1 1
-1 1
+1 2
-1 1
+1 5
cfi=(37)
cfn=(124)
calls=1 147 
* 16342
+1 1
+5 1
-5 3
+2 2
+3 4
+1 4
-1 2
+1 16
-1 8
+4 3
+1 3
+1 1
+2 2
+1 5
-1 5
+1 6
-1 9
-28 11
168 2
1872 1
-1 2
+1 1
+2 1
+2 3
+2 1
-4 1
+4 2
+15 2
+1 3
+13 1
-2 1
+2 1
-2 1
+2 1
-1 1
-1 2
+2 1
cfi=(29)
cfn=(142) _dl_receive_error
calls=1 197 
* 4558
+10 1
+1 1
-1 1
+1 1
+1 1
cfn=(152) init_tls
calls=1 803 
* 626
* 1
+2 2
932 1
fi=(106) /usr/src/debug/glibc-2.17-c758a686/elf/../sysdeps/unix/sysv/linux/dl-osinfo.h
86 2
fe=(2)
934 1
fi=(106)
112 1
fe=(2)
943 1
+7 1
-5 1
1926 2
2159 3
+56 1
+4 1
+7 1
-11 1
+4 3
+4 2
+3 1
+8 2
+99 4
+2 1
+5 2
cfi=(27)
cfn=(214) _dl_allocate_tls_init
calls=1 443 
* 254
+4 2
+16 2
+29 1
cfi=(7) /usr/src/debug/glibc-2.17-c758a686/elf/../elf/dl-sysdep.c
cfn=(216) _dl_sysdep_start_cleanup
calls=1 251 
* 1
+4 3
+20 3
cfi=(26)
cfn=(76)
calls=1 51 
* 8
+1 1
-1 1
+2 1
cfi=(26)
cfn=(80) _dl_debug_state
calls=1 75 
* 1
+1 1
+4 1
cfi=(39) /usr/src/debug/glibc-2.17-c758a686/elf/dl-cache.c
cfn=(218) _dl_unload_cache
calls=1 316 
* 15
+5 8
1445 3
1735 3
+1 1
-1 2
+1 1
cfn=(82) handle_ld_preload
calls=1 970 
* 3602
* 1
+1 4
+2 3
-31 2
+1 1
cfi=(26)
cfn=(80)
calls=1 75 
* 1
* 1
2360 2
+15 1
+3 1
-3 1
+3 1
-3 2
+3 2
-3 1
+2 1
+1 1
cfi=(42) /usr/src/debug/glibc-2.17-c758a686/elf/dl-reloc.c
cfn=(158) _dl_relocate_object
calls=1 148 
* 9236
+1 4
+2 3
2209 1
1013 2
1869 2
2280 3
+7 1
+2 11
+2 1
+2 15
+5 10
+2 10
+8 5
-2 5
+2 10
+1 32
cfi=(42)
cfn=(158)
calls=4 148 
* 121350
+4 17
-22 14
+25 4
+2 1
+6 1
-6 1
+6 1
1830 6
+1 1
-1 2
+4 1
+1 1
-1 1
+2 2
2302 1
+1 1
-3 2
+14 2
cfi=(27)
cfn=(188) _dl_add_to_slotinfo
calls=1 879 
* 24
* 1

fn=(88) _dl_initial_error_catch_tsd
877 14

fn=(82)
970 9
+1 1
-76 1
+86 1
-11 2
-75 6
+80 3
fi=(28) /usr/src/debug/glibc-2.17-c758a686/elf/../string/bits/string2.h
+9 3
+1 5
-1 264
+1 132
+1 66
-2 66
+2 66
-2 199
+2 1
-2 3
fe=(2)
-5 3
+10 4
108 3
992 2
890 1
+5 5
-10 1
+4 1
+1 1
+1 1
+2 1
+2 1
cfi=(29)
cfn=(86)
calls=1 159 
* 2650
+1 2
+8 3
+89 1
-18 3
+21 9
-15 4
cfi=(18)
cfn=(46)
calls=1 61 
* 74
* 1
+1 3

fn=(2)
441 9
+18 4
fi=(3)
44 1
fe=(2)
459 1
fi=(5) /usr/src/debug/glibc-2.17-c758a686/elf/../sysdeps/x86_64/dl-machine.h
59 3
fi=(3)
-15 1
fe=(2)
488 1
-3 1
fi=(3)
44 1
+17 2
-3 1
-7 1
+5 1
+3 1
+2 1
-3 1
-3 1
-3 2
-5 28
+15 14
-18 42
+18 1
-18 3
+2 40
+5 24
+1 20
+10 5
-18 15
+25 2
+20 4
+1 4
+1 4
+1 4
+2 4
+5 4
+1 4
+1 4
fe=(2)
621 34
fi=(4) /usr/src/debug/glibc-2.17-c758a686/elf/do-rel.h
111 1
-28 1
+28 2
fi=(5)
497 3
fi=(4)
111 2
fi=(5)
497 1
fi=(4)
111 1
fi=(5)
497 27
fi=(4)
111 18
fi=(5)
497 9
fi=(4)
111 9
+13 1
fi=(5)
309 1
fi=(4)
124 2
+13 1
+2 2
-2 1
fi=(5)
263 1
fi=(4)
137 1
fi=(5)
291 1
fi=(4)
137 2
fi=(5)
291 1
fi=(4)
137 7
+2 14
-2 7
fi=(5)
263 7
fi=(4)
137 7
fi=(5)
291 7
fi=(4)
137 14
fi=(5)
291 7
+9 16
+3 8
-3 16
+3 24
+6 48
fi=(3)
53 4
+3 4
+3 4
+1 1
+1 2
fe=(2)
378 1
623 1
378 1
cfi=(6)
cfn=(10)
calls=1 865 
* 23
+1 2
+1 2
+1 2
+1 2
+20 1
+9 1
-9 3
+9 1
-6 1
-3 1
+9 1
cfi=(7)
cfn=(12) _dl_sysdep_start
calls=1 86 
* 160980
* 1
+9 4
+3 1
+4 1
-4 1
+4 1
648 9
fi=(5)
398 8
+9 8
fi=(4)
124 25
fe=(2)

fn=(152)
803 1
-1 1
-6 1
+2 2
+4 1
+10 2
-4 1
+4 2
cfi=(17)
cfn=(36)
calls=1 102 
* 43
* 1
-1 1
+6 1
-9 1
+11 1
+6 1
-1 1
+1 12
+2 10
+4 1
+2 1
-2 2
-5 10
+12 1
cfi=(27)
cfn=(154) _dl_determine_tlsoffset
calls=1 144 
* 56
+7 1
cfi=(27)
cfn=(156) _dl_allocate_tls_storage
calls=1 349 
* 455
+1 1
-1 1
+1 1
+6 1
+8 1
-8 1
+8 6
+4 2
+3 2

fn=(144) version_check_doit
736 2
+2 4
cfi=(41) /usr/src/debug/glibc-2.17-c758a686/elf/dl-version.c
cfn=(146) _dl_check_all_versions
calls=1 381 
* 4518
* 2
+4 2

fl=(40) /usr/src/debug/glibc-2.17-c758a686/string/strdup.c
fn=(138) strdup
40 8
+1 2
cfi=(10) /usr/src/debug////////glibc-2.17-c758a686/string/../sysdeps/x86_64/rtld-strlen.S
cfn=(20) strlen
calls=2 -13 
* 68
* 2
+1 4
cfi=(17)
cfn=(40)
calls=2 +51 
* 68
* 2
+2 4
+4 2
-1 4
+1 4
-1 4
cfi=(18)
cfn=(46)
calls=2 +14 
* 54

fl=(36)
fn=(116)
30 8
+1 8
+1 8
+1 2154
+1 8
+1 8

fl=(41)
fn=(146)
381 6
+4 4
-2 2
+4 35
cfn=(148) _dl_check_map_versions
calls=5 174 
* 4429
-2 5
+2 15
-1 5
-1 10
+5 7

fn=(148)
174 45
+15 5
-15 10
+15 10
+2 5
+3 5
-3 5
+2 5
+1 5
+2 5
-3 5
+3 5
+3 12
+4 18
+17 3
56 3
220 3
56 3
220 3
56 15
220 1
56 1
220 1
56 1
220 1
56 5
+1 14
-1 28
+2 54
cfi=(31)
cfn=(96)
calls=18 304 
* 1240
* 40
228 12
+5 32
+20 3
-16 87
cfn=(150) match_symbol
calls=2 76 
* 391
* 15
cfn=(150)
calls=5 76 
* 919
* 7
+8 28
+3 29
+9 16
+5 1
+1 1
-80 2
-8 2
+96 15
+3 9
+10 28
-7 112
+3 84
-3 12
+3 9
+8 5
+86 5
-86 5
+87 8
-81 16
cfi=(17)
cfn=(36)
calls=4 102 
* 220
* 4
+1 4
-2 4
+2 4
+11 4
-3 4
+3 8
+2 12
+3 12
+4 12
+18 3
-15 9
+2 9
-2 12
+2 12
+2 7
+1 7
-1 14
+1 7
-1 7
+1 7
+1 7
-2 7
+2 14
+1 21
+3 21
+8 12
+5 1
+1 1
+4 12
+3 12
+20 28
-14 28
-2 28
+2 31
-2 3
+2 3
+4 28
+2 28
-1 56
+1 28
-1 84
+1 28
+1 28
+3 93
+10 4
-1 4
+1 28

fn=(150)
76 77
+9 7
-8 7
-1 14
+1 7
+8 7
+6 21
+18 14
+5 14
+14 114
+12 150
+4 50
-30 100
+16 7
+3 28
cfi=(19)
cfn=(54)
calls=7 +1 
* 623
* 14
+35 56

fl=(29)
fn=(86)
159 42
+9 6
+2 6
cfi=(2)
cfn=(88)
calls=6 877 
* 12
* 6
+1 6
+2 12
-2 6
+2 6
cfi=(30) /usr/src/debug////////glibc-2.17-c758a686/setjmp/../sysdeps/x86_64/setjmp.S
cfn=(90) __sigsetjmp
calls=6 26 
* 120
+1 12
+2 12
+1 12
-1 6
+1 6
cfi=(37)
cfn=(126)
calls=5 60 
* 13620
cfi=(2)
cfn=(92)
calls=1 704 
* 2592
+1 6
+4 6
-4 6
+1 12
+1 12
+1 12
+10 24

fn=(142)
197 10
+1 1
cfi=(2)
cfn=(88)
calls=1 877 
* 2
+5 1
-1 1
-4 1
+9 1
+2 1
-3 1
+3 1
cfi=(2)
cfn=(144)
calls=1 736 
* 4528
+2 1
+1 1
+1 8

fl=(7)
fn=(216)
251 1

fn=(12)
86 7
+25 1
-1 1
+1 1
-25 1
+25 144
+6 1
-3 1
+1 1
-4 1
+3 1
+3 4
+1 6
-1 3
-29 1
-1 2
+31 108
-1 86
fi=(21)
-82 2
cfi=(8) /usr/src/debug/glibc-2.17-c758a686/elf/../sysdeps/unix/sysv/linux/x86_64/brk.c
cfn=(14) brk
calls=1 -4 
* 12
fi=(5)
220 5
+4 1
cfi=(9) /usr/src/debug/glibc-2.17-c758a686/elf/../sysdeps/x86/cpu-features.c
cfn=(18) init_cpu_features.constprop.0
calls=1 39 
* 115
fe=(7)
+2 3
+1 1
cfi=(10)
cfn=(20)
calls=1 28 
* 39
* 1
+2 2
cfi=(11) /usr/src/debug/glibc-2.17-c758a686/elf/../misc/sbrk.c
cfn=(22) sbrk
calls=1 34 
* 17
* 3
+12 3
+3 6
cfi=(2)
cfn=(24)
calls=1 1005 
* 160373
+2 9
-67 1
+1 1
-29 1
+1 1
+11 1
+1 1
-7 1
+1 1
-4 1
+1 1
-25 1
+1 1
-4 1
+1 1
-7 1
+1 1
+2 1
+1 1

fl=(18)
fn=(46)
61 21
+2 21
+2 21
+3 21
+1 21
+2 6
+1 6
+2 6
+1 6
+5 6
+1 6
-1 15
+1 15
+2 2
+1 2
+2 2
+1 4
+5 2
+1 2
-1 19
+1 19
+2 3
+1 3
+2 3
+1 3
+5 3
+1 3
-1 18
+1 18
+2 11
+1 11
+2 11
+1 11
+5 11
+1 11
-1 10
+1 19
+5 9
+1 9
+1 9
+1 9
+2 9
+2 9
+1 9
+2 9
+8 21
+8 4
+6 4
+2 4
+1 4
+3 1
+1 3
+5 1
+1 1
+2 1
+2 1
+1 1
+2 1
-8 1
+1 1
+2 1
+2 1
+1 1
+2 3
+9 1
+1 1
-1 3
+1 3
+3 4
+1 4
+1 4
+5 4
+2 4
+1 4
+1 4
+1 4
+2 4
+1 4
+1 4
+1 4
+2 4
+1 4
+2 4
+2 3
+2 3
+1 3
+1 3
+1 3
+2 3
+1 3
+1 3
+1 3
+2 3
+1 3
+2 9
+5 3
+6 3
+1 3
-7 1
+6 1
+1 1

fn=(68) mempcpy
61 32
+4 32
+3 32
+1 32
+2 13
+1 13
+2 13
+1 13
+5 13
+1 13
-1 19
+1 19
+2 19
+1 19
+2 19
+1 19
+5 19
+1 19
-1 13
+1 13
+2 12
+1 12
+2 12
+1 12
+5 12
+1 12
-1 20
+1 20
+2 18
+1 18
+2 18
+1 36
+5 18
+1 18
-1 14
+1 17
+5 3
+1 3
+1 3
+1 3
+2 3
+2 3
+1 3
+2 3
+6 32
+4 32
+12 1
+2 1
+1 1
+26 1
+1 1
+3 1
+1 1
+1 1
+5 1
+2 1
+1 1
+1 1
+1 1
+2 1
+1 1
+1 1
+1 1
+2 1
+1 1
+2 1
+2 1
+2 1
+1 1
+1 1
+1 1
+2 1
+1 1
+1 1
+1 1
+2 1
+1 1
+2 3
+5 1
+2 1

fl=(32)
fn=(122)
81 4
+2 5

fn=(102)
81 56
+1 4
+1 50

fn=(104) read
81 12
+1 3

fn=(120)
81 16
+1 4

fl=(60)
fn=(224)
90 10
+5 1
-4 1
-1 1
+2 1
+3 2
+7 6
+28 3
+1 4
-97 3
+97 16
-97 12
+9 4
-3 8
+3 12
+5 9
+5 4
+8 4
+2 4
+4 8
cob=(2) ???
cfi=(16) ???
cfn=(258) 0x0000000004c2b170
calls=1 -67 
* 6
cob=(3) /usr/lib64/libc-2.17.so
cfi=(62) /usr/src/debug/glibc-2.17-c758a686/csu/../csu/init-first.c
cfn=(238) _init
calls=1 -15 
* 148
+4 2
+1 4
+6 4
+2 4
-2 2
+3 12
+1 8
cob=(4) /usr/lib64/libm-2.17.so
cfi=(55) ???
cfn=(262) 0x00000000000056d0
calls=1 -82 
* 16
cob=(3)
cfi=(67) /usr/src/debug/glibc-2.17-c758a686/string/../sysdeps/x86_64/cacheinfo.c
cfn=(248) init_cacheinfo
calls=1 478 
* 1877
* 2
-1 8
+49 10
+4 1
+1 8
-86 4
-15 3
+9 1
-3 2
+3 3
+5 3
+5 2
+8 2
+2 2
+4 5
cob=(2)
cfi=(16)
cfn=(226) 0x0000000004a24510
calls=1 -67 
* 6
* 1
+4 1
+1 2
+6 2
+2 2
-2 1
+3 6
+1 4
cob=(5) /usr/sup/valgrind-3.11.0/lib/valgrind/vgpreload_core-amd64-linux.so
cfi=(61) ???
cfn=(230) 0x0000000000000640
calls=1 -82 
* 17
* 1
-1 4
+17 2
-54 3

fl=(38) /usr/src/debug/glibc-2.17-c758a686/io/../sysdeps/unix/sysv/linux/wordsize-64/xstat.c
fn=(130) _xstat
36 8
-1 8
+1 8
+1 48
+4 2
-4 24

fl=(39)
fn=(136) _dl_cache_libcmp
139 72
+1 52
+2 242
+2 121
-2 121
+2 4
+6 2
+2 2
-1 2
-1 2
+1 2
-1 2
+2 6
+2 10
+2 4
+6 238
+2 432
+4 97
+1 97
-29 194
+32 4
+1 4
-8 22
+8 44

fn=(132) _dl_load_cache_lookup
185 18
+8 4
+3 6
+45 4
+6 2
-6 1
+6 2
+8 2
+20 2
-20 2
+7 2
-7 2
+20 2
-20 2
+7 4
-7 2
+7 2
+13 350
cfn=(136)
calls=22 139 
* 1632
* 100
-76 4
cfi=(31)
cfn=(134)
calls=1 43 
* 94
+8 1
-8 1
+8 4
+1 4
cfi=(14)
cfn=(30)
calls=1 319 
* 112
* 2
+7 1
-3 1
+3 3
+3 1
+1 2
-1 1
+1 1
+1 3
cfi=(14)
cfn=(30)
calls=1 +99 
* 111
* 2
+2 2
+53 28
cfn=(136)
calls=2 139 
* 144
* 10
-12 6
+12 2
-12 4
-1 4
+13 46
+16 4
+4 4
+8 4
cfi=(10)
cfn=(20)
calls=2 28 
* 133
* 34
+1 2
-1 2
+1 4
cfi=(18)
cfn=(46)
calls=2 61 
* 54
+1 4
cfi=(40)
cfn=(138)
calls=2 40 
* 226
+1 16

fn=(218)
316 4
-1 1
+3 2
cfi=(35) /usr/src/debug////////glibc-2.17-c758a686/misc/../sysdeps/unix/syscall-template.S
cfn=(220) munmap
calls=1 81 
* 5
+1 1
+2 2

fl=(42)
fn=(158)
148 50
+15 5
-15 10
+15 5
+1 20
+6 10
+6 15
-18 6
+22 6
+8 10
-33 5
+78 5
fi=(5)
76 5
fe=(42)
233 10
fi=(5)
76 15
fe=(42)
259 224
159 15
fi=(5)
298 24
fe=(42)
-39 3
fi=(4)
48 3
fe=(42)
259 3
fi=(4)
58 3
fe=(42)
259 3
fi=(4)
47 6
+11 6
fe=(42)
259 2
159 10
fi=(5)
298 16
fe=(42)
-39 2
fi=(4)
48 2
fe=(42)
259 2
fi=(4)
58 2
fe=(42)
259 2
fi=(4)
47 4
+11 4
fe=(42)
259 5
fi=(4)
48 5
fe=(42)
259 5
fi=(4)
58 5
fe=(42)
259 5
fi=(4)
47 10
+11 10
+3 12
fi=(5)
507 62
+4 62
+2 93
+1 31
fi=(4)
61 126
+2 129
+2 38
-4 3
+13 6
+1 5
+1 24
fi=(5)
507 12
+24 12
fi=(4)
75 12
fi=(5)
531 12
+2 12
cob=(4)
cfi=(55)
cfn=(212) sin
calls=1 0 
* 8
cob=(4)
cfi=(55)
cfn=(210) __atan2_finite
calls=1 0 
* 8
cob=(4)
cfi=(57) /usr/src/debug/glibc-2.17-c758a686/math/../sysdeps/x86_64/fpu/multiarch/e_asin.c
cfn=(208) __asin_finite
calls=1 16 
* 5
cob=(4)
cfi=(59) /usr/src/debug////////glibc-2.17-c758a686/math/../sysdeps/x86_64/fpu/multiarch/s_floor.S
cfn=(206) floor
calls=1 25 
* 5
cob=(4)
cfi=(58) /usr/src/debug////////glibc-2.17-c758a686/math/../sysdeps/x86_64/fpu/multiarch/s_floorf.S
cfn=(204) floorf
calls=1 25 
* 5
cob=(4)
cfi=(57)
cfn=(202) __acos_finite
calls=1 10 
* 5
cob=(4)
cfi=(56) /usr/src/debug////////glibc-2.17-c758a686/math/../sysdeps/x86_64/fpu/multiarch/s_rintf.S
cfn=(200) rintf
calls=1 25 
* 5
cob=(4)
cfi=(55)
cfn=(198) __log_finite
calls=1 0 
* 8
cob=(4)
cfi=(54) /usr/src/debug/glibc-2.17-c758a686/math/../sysdeps/x86_64/fpu/multiarch/e_pow.c
cfn=(196) __pow_finite
calls=1 8 
* 5
cob=(4)
cfi=(53) /usr/src/debug////////glibc-2.17-c758a686/math/../sysdeps/x86_64/fpu/multiarch/s_rint.S
cfn=(194) rint
calls=1 25 
* 5
cob=(4)
cfi=(52) /usr/src/debug/glibc-2.17-c758a686/math/../sysdeps/x86_64/fpu/multiarch/s_sin.c
cfn=(192) cos
calls=1 20 
* 8
cob=(4)
cfi=(51) /usr/src/debug/glibc-2.17-c758a686/math/../sysdeps/x86_64/fpu/multiarch/e_exp.c
cfn=(190) __exp_finite
calls=1 15 
* 8
fi=(4)
75 12
fi=(5)
534 12
fi=(4)
75 14
fe=(42)
259 3
fi=(4)
75 9
fe=(42)
259 27
+3 15
+24 5
+3 10
+17 15
+2 40
fi=(4)
84 7
+2 14
+12 7
-15 7
+15 7
-15 7
+15 7
+10 10
+3 13
fi=(5)
497 9
fi=(4)
111 12
fi=(5)
497 3582
fi=(4)
111 4776
+7 21
+3 6
+3 6
-3 6
+3 6
-74 4
fi=(5)
424 4
fi=(4)
51 4
fi=(5)
424 16
fi=(4)
127 496
+9 234
+3 234
fi=(5)
266 117
fi=(4)
138 117
-2 117
+1 468
fi=(5)
266 117
+21 234
+4 234
+7 1518
fi=(4)
137 91
fi=(5)
298 182
fi=(4)
137 91
fi=(5)
298 91
fi=(4)
138 91
fi=(5)
298 182
fi=(4)
137 91
fi=(5)
298 283
fi=(4)
137 10
fi=(5)
298 20
fi=(4)
137 10
fi=(5)
298 10
fi=(4)
138 10
fi=(5)
298 20
fi=(4)
137 10
fi=(5)
298 1242
cfi=(6)
cfn=(164) _dl_lookup_symbol_x
calls=101 716 
* 104695
* 404
+2 312
+3 109
-3 218
+3 327
+6 819
fe=(42)
177 10
+1 2
+2 4
+79 10
fi=(5)
82 6
+4 9
+14 3
-8 3
+8 6
+20 6
+11 12
417 300
fi=(4)
124 384
+19 8
+1 26
+1 21
+3 14
+4 14
-1 7
-3 7
+1 7
+1 7
-1 14
fi=(5)
298 28
+2 7
+3 7
-3 7
+3 21
470 14
+1 7
cob=(3)
cfi=(50) ???
cfn=(186) memcpy@GLIBC_2.2.5
calls=1 0 
* 15
cob=(3)
cfi=(49) /usr/src/debug/glibc-2.17-c758a686/time/../sysdeps/unix/sysv/linux/x86_64/gettimeofday.c
cfn=(184) gettimeofday
calls=1 30 
* 22
cob=(3)
cfi=(48) /usr/src/debug////////glibc-2.17-c758a686/string/../sysdeps/x86_64/multiarch/memset.S
cfn=(182) memset
calls=1 27 
* 8
cob=(3)
cfi=(44) /usr/src/debug////////glibc-2.17-c758a686/string/../sysdeps/x86_64/multiarch/strcmp.S
cfn=(180) strncasecmp
calls=1 120 
* 5
cob=(3)
cfi=(47) /usr/src/debug////////glibc-2.17-c758a686/string/../sysdeps/x86_64/multiarch/strnlen.S
cfn=(178) strnlen
calls=1 30 
* 5
cob=(3)
cfi=(45) /usr/src/debug/glibc-2.17-c758a686/time/../sysdeps/unix/sysv/linux/x86_64/time.c
cfn=(174) time
calls=1 36 
* 22
cob=(3)
cfi=(44)
cfn=(172) strcasecmp
calls=1 100 
* 5
+1 14
298 39
fi=(4)
129 26
fi=(5)
298 20
+91 39
+4 65
+5 65
-71 2
+1 3
453 9
+4 18
cfi=(18)
cfn=(46)
calls=3 61 
* 54
+2 9
+1 3
fi=(4)
108 3
fe=(42)
314 10
+1 5
+1 5
-1 5
-1 10
+2 5
+3 10
+1 15
cfi=(35)
cfn=(114) mprotect
calls=5 81 
* 25
* 10
fi=(5)
124 12
-2 6
298 14
fi=(4)
129 3
+31 8
+2 20
+8 10
+1 5
-1 5
+1 5
fi=(5)
+95 5
fi=(4)
-96 10
fi=(5)
+96 5
+21 10
+4 10
+7 135
cfi=(6)
cfn=(164)
calls=5 716 
* 5414
* 20
+2 15
+3 1
-3 2
+3 3
+6 35
417 15
fi=(4)
160 15
+14 5
fi=(5)
298 95
fe=(42)

fl=(21)
fn=(60)
45 7
+2 3
+85 8
-45 3
cfi=(22)
cfn=(62)
calls=1 -6 
* 5
* 1
+15 1
-15 1
+20 1
-1 1
+3 12
+4 3
-2 6
+2 10
+2 1
+1 2
-3 4
+7 3
-1 3
+4 3
-2 3
+2 10
+5 2

fl=(23)
fn=(64)
710 1
+15 2
-15 8
+15 3
cfi=(24) /usr/src/debug/glibc-2.17-c758a686/elf/dl-hwcaps.c
cfn=(66) _dl_important_hwcaps
calls=1 39 
* 346
+5 1
-5 1
+5 1
cfi=(17)
cfn=(40)
calls=1 93 
* 34
* 1
+1 1
-1 1
-1 1
+2 1
+8 1
-1 1
+1 1
-1 4
+5 4
cfi=(17)
cfn=(40)
calls=1 93 
* 34
* 1
+2 1
-2 1
-1 1
+3 1
+7 1
+10 1
+9 1
-20 1
+12 1
-1 1
+3 1
+1 1
-1 1
+6 9
+1 10
+2 2
-12 1
+12 1
-14 1
+2 1
+3 1
-2 1
+3 1
-1 8
+1 3
+6 11
-1 2
+14 1
-11 1
+6 1
+1 1
+5 2
+4 3
+32 4
+8 3
cfi=(25)
cfn=(70)
calls=1 40 
* 83
* 2
+2 2
cfi=(10)
cfn=(20)
calls=1 28 
* 57
* 17
cfi=(18)
cfn=(46)
calls=1 61 
* 31
* 1
+17 3
-1 2
+3 1
+1 3
+1 1
-4 3
+2 26
+1 78
+1 26
-4 79
+8 1
cfi=(17)
cfn=(40)
calls=1 93 
* 34
* 1
+1 1
-2 1
+2 1
+6 7
cfn=(72) fillin_rpath
calls=1 489 
* 920
+4 3
+6 1
+4 8
-72 1
-2 1
+2 2
+11 2
-46 2
+61 4

fn=(100) open_verify
1681 130
+36 13
-36 26
+36 26
+21 52
cfi=(32)
cfn=(102)
calls=13 81 
* 105
+1 13
-1 13
+1 13
+10 3
+1 6
+5 18
cfi=(32)
cfn=(104)
calls=3 81 
* 15
+2 6
+2 3
+2 3
-2 3
+2 3
-2 3
+8 6
+16 15
cfi=(14)
cfn=(30)
calls=3 319 
* 258
* 6
+2 3
-2 6
+4 12
cfi=(14)
cfn=(30)
calls=3 319 
* 240
-4 6
+60 6
+5 6
+3 12
+5 6
+7 3
+1 3
-1 12
+1 9
+1 3
+15 127
+1 42
+4 8
+1 4
+13 2
+1 2
+2 2
-3 2
+1 2
-1 2
+1 2
-2 2
+4 4
+5 2
+1 2
-13 8
cfi=(14)
cfn=(30)
calls=2 319 
* 146
* 8
cfi=(14)
cfn=(30)
calls=2 319 
* 160
* 8
+16 4
+6 2
-3 2
+1 2
+1 2
+1 4
+1 8
-4 2
+1 2
+1 2
-1 6
-1 2
+4 4
+5 10
+8 96
1814 1
1931 8
1783 8
cfi=(14)
cfn=(30)
calls=2 319 
* 176
* 4

fn=(128) open_path
1945 16
+1 2
-1 10
+7 2
-7 2
+1 2
+6 4
+5 34
+74 2
-74 2
-7 2
-1 2
+82 2
-22 2
-52 2
+52 8
-40 2
-9 2
+9 4
-9 2
+9 2
+7 16
cfi=(18)
cfn=(68)
calls=4 61 
* 116
+1 4
-1 4
+1 12
-13 8
+33 16
-20 38
+3 32
+4 80
cfi=(18)
cfn=(68)
calls=10 61 
* 198
* 40
cfi=(18)
cfn=(68)
calls=10 61 
* 230
* 10
+3 10
+3 20
+3 70
cfn=(100)
calls=10 1681 
* 400
* 10
+2 30
+26 8
+2 6
+36 2
+27 16
-84 16
+1 72
+6 16
+2 24
-2 8
+2 8
cfi=(38)
cfn=(130)
calls=8 36 
* 98
* 16
+1 2
+2 2
-2 2
+2 16
+7 4
-44 4
+37 12
+7 12
-44 14
+85 20
+7 4
-2 4
+2 12
+3 6
+14 6
-72 12

fn=(94)
2094 6
+12 12
-12 6
+12 6
-12 54
+12 6
-12 12
+12 12
+12 30
-12 45
+5 54
+1 36
+2 54
cfi=(31)
cfn=(96)
calls=18 304 
* 1245
* 39
2399 48
2141 6
+11 12
-56 6
+92 6
-2 3
+2 3
cfi=(25)
cfn=(70)
calls=3 40 
* 175
* 6
2330 6
cfn=(98) expand_dynamic_string_token
calls=1 419 
* 390
+1 1
-3 1
+4 1
-1 2
+4 6
cfn=(100)
calls=1 1681 
* 328
+3 1
-3 1
+3 1
+12 9
+2 6
+44 3
+1 21
-1 3
+1 15
cfn=(106) _dl_map_object_from_fd
calls=3 916 
* 6576
* 3
2192 4
cfi=(10)
cfn=(20)
calls=2 28 
* 121
* 2
+2 2
-2 2
+2 2
+7 8
+35 4
+1 30
cfn=(128)
calls=2 1945 
* 1872
* 6
+6 12
687 2
2244 2
687 4
2322 4
-97 10
+21 4
+6 8
+2 6
+4 4
cfi=(39)
cfn=(132)
calls=2 185 
* 3222
+2 2
-2 2
+2 2
+5 6
+8 4
+28 20
cfn=(100)
calls=2 1681 
* 1218
+3 2
-3 2
+3 4
+1 4
-79 14
687 2
2227 2
687 4
2205 2
+8 10
-7 4
-1 2
+8 16
-3 6
687 2
2211 2
687 4
2119 45
+3 6
+2 6
-1 12
+1 6
cfi=(19)
cfn=(54)
calls=6 134 
* 105
* 12

fn=(106)
916 33
+11 3
-11 3
+11 3
-11 9
+11 3
cfi=(26)
cfn=(76)
calls=3 51 
* 24
+4 9
-4 3
+4 3
cfi=(33)
cfn=(110)
calls=3 36 
* 30
* 6
+11 21
+1 9
-1 27
+1 36
461 3
1633 24
960 6
+25 6
+10 6
+22 3
-89 3
+89 9
+35 21
cfi=(15)
cfn=(32)
calls=3 62 
* 1477
+1 3
-1 3
+1 3
+11 6
+5 3
-5 3
+1 6
+1 3
+2 3
-2 3
+2 12
+1 9
+1 3
+24 57
+8 3
-8 6
+8 3
-8 9
+8 3
+99 3
1095 3
1201 3
1096 3
-11 3
1201 6
+8 12
1103 45
-1 184
+1 133
+6 6
+1 9
+1 3
+9 30
+6 12
+1 6
-1 24
+7 24
+11 6
+2 6
-1 6
+4 6
-5 6
+1 6
-1 12
+2 6
-1 6
+2 6
+3 6
+4 6
-9 6
+2 6
+1 6
+1 6
+1 6
+4 6
+1 9
+5 6
-16 3
+16 15
+10 3
-10 6
-16 3
+16 15
+10 3
+3 3
+5 1
-1 1
+3 1
-1 1
-1 1
+1 1
+3 3
+1 2
+3 2
+4 4
+6 1
cfi=(27)
cfn=(140) _dl_next_tls_modid
calls=1 52 
* 6
* 2
+1 1
+60 6
+1 9
+1 3
-6 6
+1 3
1114 2
+1 7
1262 9
+13 24
+2 6
+14 3
+5 18
cfi=(34)
cfn=(112)
calls=3 32 
* 105
+4 3
-4 3
+4 3
+7 3
+1 3
-1 3
+1 3
+2 3
-3 3
+1 3
+2 3
+10 3
+2 3
+33 18
+1 9
+2 12
+8 24
+6 3
+2 3
-2 3
+1 3
+2 3
-1 3
+1 3
-1 9
+8 6
+3 6
+11 21
cfi=(36)
cfn=(116)
calls=3 30 
* 1998
+1 15
+5 6
+15 6
-74 30
+2 12
+2 24
cfi=(34)
cfn=(112)
calls=3 32 
* 93
* 6
1065 3
1421 12
+9 6
fi=(3)
38 3
fe=(23)
1430 3
fi=(3)
38 3
+6 3
-2 3
+2 6
+7 3
+5 3
+3 3
-1 3
-3 3
-3 66
+10 15
-18 45
+8 58
+10 58
-18 174
+18 2
-18 6
+2 150
+5 68
+2 8
+16 6
+20 12
+1 12
+1 12
+1 12
+2 12
+5 12
+1 11
+1 11
+35 9
+5 2
+2 2
-2 2
+2 2
+2 4
+2 4
+1 1
+2 9
+10 2
-8 4
+9 4
-1 2
+5 4
+1 2
+2 6
fe=(23)
1436 6
+16 9
+19 6
+2 15
+51 9
+1 2
+3 2
cfi=(32)
cfn=(120)
calls=1 81 
* 5
* 4
cfi=(32)
cfn=(120)
calls=2 81 
* 10
* 6
+8 15
+3 9
+2 3
-2 3
+2 3
+16 6
cfi=(6)
cfn=(10)
calls=3 865 
* 60
+4 6
+1 6
+17 6
+1 1
+3 1
+6 1
-6 1
+1 2
+5 1
-6 2
+6 2
-6 2
+1 4
+5 2
+10 6
+10 9
cfi=(15)
cfn=(48)
calls=3 33 
* 132
+4 9
fi=(3)
56 8
fe=(23)
1317 3
-1 15
cfi=(35)
cfn=(114)
calls=3 81 
* 15
* 3
fi=(3)
59 8
+1 2
+1 8
fe=(23)
1359 10
+2 2
-1 6
+1 4
-1 2
+1 4
-1 4
+3 8
+43 8
cfi=(34)
cfn=(112)
calls=1 32 
* 31
+3 2
1536 6
937 2

fn=(72)
489 7
+2 1
-2 9
+4 3
cfi=(17)
cfn=(74)
calls=1 340 
* 243
* 6
cfi=(17)
cfn=(74)
calls=2 340 
* 207
* 9
+3 4
cfi=(10)
cfn=(20)
calls=2 28 
* 89
+4 2
-4 2
+4 2
+7 12
+12 25
+1 10
+18 4
+4 6
+1 6
-1 2
+1 2
-2 2
cfi=(17)
cfn=(40)
calls=2 93 
* 68
* 2
+3 2
-3 2
+3 6
+5 2
+1 6
-2 2
+2 2
cfi=(18)
cfn=(68)
calls=2 61 
* 58
+3 2
-3 2
+3 2
-2 2
+2 2
+1 1
+5 4
+1 2
-1 4
+1 26
+1 20
+3 2
-1 4
+1 2
+7 2
+1 2
+3 6
-68 4
+5 4
+3 6
+23 4
+42 1
+3 9
-14 4

fn=(98)
419 9
+10 2
-10 1
+10 1
cfi=(25)
cfn=(70)
calls=1 40 
* 169
* 2
161 2
cfi=(10)
cfn=(20)
calls=1 28 
* 97
* 1
+1 2
cfi=(17)
cfn=(40)
calls=1 -69 
* 34
* 1
+2 2
444 1
167 2
444 6
167 2
cfi=(18)
cfn=(46)
calls=1 61 
* 56

fl=(14)
fn=(30)
319 17
+3 17
-3 85
+4 17
-4 17
+7 34
+4 15
+2 1
+1 1
+1 1
+1 1
+2 2
-5 1
+1 1
+1 1
+1 1
+2 2
+2 2
-9 6
+16 5
+1 10
-1 10
133 14
-18 6
350 4
+4 3
+2 3
-2 6
+1 3
+5 30
+2 13
+1 13
+1 13
+3 143
-3 81
-2 81
+1 81
+4 162
-7 182
+12 12
+1 136
232 3
-7 3
+1 3
+4 3
+2 3
-6 3
+4 3
+2 15
-95 2
+1 2
+1 2
+1 2
+1 2
+48 2
-2 2
+1 2
+1 14
-80 2
+1 4
+4 4
-5 8
+1 16
+4 18
238 3
+2 3
-4 3
+1 3
+4 3
-2 3
+56 6
-2 3
+2 6
-1 3
+1 6
+1 6
+12 18
+1 6
-6 6

fl=(34)
fn=(112)
32 11
+1 11
-1 99
+1 27
+1 110
+2 77
-3 26

fl=(6)
fn=(10)
865 15
+4 3
+4 6
+2 3
-1 3
+4 3
+4 3
-4 3
+1 6
+2 3
-2 3
+3 3
+2 3
+1 3
+1 12
+1 3
+3 6
+2 2
+2 2
+2 2
+1 2
+1 2
-4 2
+4 4

fn=(170) check_match.9524
132 5376
+1 1536
+2 1536
+2 1122
-2 748
+12 1122
+3 1956
cfi=(19)
cfn=(54)
calls=302 -16 
* 5298
* 604
+5 103
-1 103
+1 103
-1 103
+1 103
+2 204
+19 204
+1 816
+46 618
-18 2
+2 2
+1 4
-1 2
+1 1
-1 2
+9 271
+7 3990
-45 306
cfi=(19)
cfn=(54)
calls=102 -44 
* 8870
* 408
-43 788
+81 1182

fn=(166) do_lookup_x
82 1035
+1 115
-6 115
+5 345
-5 805
+11 115
+1 115
233 115
-3 115
+3 115
-3 345
98 115
-3 115
+1 115
+2 115
+3 115
-3 115
+3 115
-3 350
-3 350
+1 350
+2 350
+3 350
-3 350
+3 350
+4 954
+4 924
+4 924
+7 1386
+4 924
+1 1386
226 462
+1 924
+4 480
-2 240
+5 960
+4 480
-1 480
+1 240
-1 480
+21 142
+24 718
462 1965
+1 335
cfi=(31)
cfn=(96)
calls=67 304 
* 3139
* 402
+3 1086
+3 24
287 764
+4 251
+13 103
+1 103
-1 103
+1 103
+1 103
470 920
241 408
-1 204
+2 204
+2 303
+10 294
-7 980
+2 196
+1 392
-1 588
+1 294
cfn=(170)
calls=98 132 
* 15601
+1 490
+11 1316
+6 1129
+2 2660
-2 665
+2 665
-2 665
+4 4690
cfn=(170)
calls=670 132 
* 21882
+1 3355
-10 115
fi=(43) /usr/src/debug/glibc-2.17-c758a686/elf/../sysdeps/generic/dl-hash.h
32 115
-1 115
+1 575
+2 230
+1 345
+2 230
+1 345
+2 230
+1 345
+2 109
+1 109
-1 109
+2 327
+3 2838
+1 1892
+13 1892
-17 2838
+22 654
fe=(6)
263 218
fi=(43)
67 30
fe=(6)
263 12

fn=(164)
716 1380
477 115
716 230
477 345
-1 230
+2 115
-1 115
+1 345
-1 345
+1 1400
-1 1400
+1 4200
-1 4430
718 115
+4 115
+9 115
-13 115
+15 115
-14 230
+14 115
-2 115
+6 920
+2 1495
cfn=(166)
calls=115 82 
* 98749
+3 230
+3 12
-8 48
-7 230
+40 230
+24 103
+1 721
+26 103
+9 515
+14 309
+3 412
+5 103
+2 920
-82 84
+18 12
+1 24
+54 2

fl=(30)
fn=(90)
26 6
+9 6
+1 12
+1 6
+4 6
+1 6
+1 6
+1 6
+1 6
+2 12
+2 6
+1 6
+1 6
+2 12
+2 6
+4 6
+1 6

fl=(71) /usr/src/debug/glibc-2.17-c758a686/elf/../elf/dl-runtime.c
fn=(282) _dl_fixup
68 18
+6 18
-6 9
+3 9
-1 9
+1 9
+3 9
+1 9
-1 18
+1 27
+1 9
-1 9
+1 18
+9 18
+4 27
+4 18
+1 36
+2 36
+7 27
-1 9
+11 81
cfi=(6)
cfn=(164)
calls=9 716 
* 10798
* 9
+4 27
+10 54
+16 9
-8 9
+8 27
+4 27
fi=(5)
+85 9
fe=(71)
-81 27

fl=(15)
fn=(48)
33 8
+2 4
-2 12
+2 4
cfi=(2)
cfn=(50)
calls=4 917 
* 8
+2 29
+4 6
-1 27
+2 3
+2 3
+4 3
+4 3
-4 6
+1 6
+1 6
+2 3
+1 9
-1 3
cfi=(2)
cfn=(52)
calls=3 923 
* 6
-4 1
+4 1
-4 2
+1 2
+1 2
+2 1
+1 3
-1 1
cfi=(2)
cfn=(52)
calls=1 923 
* 2
-5 2

fn=(32)
62 44
+1 4
-1 8
+1 4
cfi=(10)
cfn=(20)
calls=4 -35 
* 228
+6 4
-6 12
+6 44
+7 16
cfi=(17)
cfn=(36)
calls=4 +26 
* 225
* 4
+3 4
-3 4
+3 4
+4 4
+5 4
-6 4
+6 4
-5 4
+5 4
-1 8
+1 4
cfi=(18)
cfn=(46)
calls=4 -27 
* 120
* 4
+4 4
-2 4
+3 4
-1 4
+1 16
+3 4
-3 4
+3 4
+9 4
-7 4
+4 4
+3 9
+2 2
-2 2
+2 30
-2 30
+12 4
+6 4
-5 4
-1 4
+6 12
-2 4
+2 8
+2 9
+3 9
+4 9
+4 9
+2 1
+6 1
+3 2
+3 5
-3 6
+3 15
+2 3
+4 3
-4 3
cfi=(10)
cfn=(20)
calls=3 28 
* 165
* 6
+4 3
-4 3
+4 9
+64 6
+4 32
-88 9
-39 9
+39 3
+70 9
cfi=(18)
cfn=(68)
calls=3 61 
* 108
* 3
+5 50
+1 50
-1 50
+1 53
-1 3
+1 9
+5 6
-57 6
cfi=(17)
cfn=(40)
calls=3 -67 
* 102
* 3
+1 3
-1 3
+1 9

fl=(26)
fn=(80)
75 2

fn=(76)
51 10
+5 8
+5 2
-1 1
+1 2
+1 2
-1 2
-9 5
+4 10
+4 1
-1 1
-59 5

fl=(13)
fn=(28)
30 3
+3 11
+2 90
+11 43
-13 129
-2 1
+19 1
-14 20
+5 2
-3 2
+3 2
+2 2

fl=(70) /usr/src/debug////////glibc-2.17-c758a686/elf/../sysdeps/x86_64/dl-trampoline.h
fn=(280) _dl_runtime_resolve_xsave
71 1
+3 1
+2 1
+10 1
+6 1
+1 1
+1 1
+1 1
+1 1
+1 1
+1 1
+4 1
+1 1
+3 1
+1 1
+2 1
+1 1
+1 1
+1 1
+1 1
+1 1
+2 1
+13 1
+1 1
+1 1
cfi=(71)
cfn=(282)
calls=1 -63 
* 1531
+1 1
+5 1
+1 1
+1 1
+2 1
+1 1
+1 1
+1 1
+1 1
+1 1
+1 1
+2 1
+2 1
+4 1
+3 1

fn=(281) _dl_runtime_resolve_xsave'2
71 8
+3 8
+2 8
+10 8
+6 8
+1 8
+1 8
+1 8
+1 8
+1 8
+1 8
+4 8
+1 8
+3 8
+1 8
+2 8
+1 8
+1 8
+1 8
+1 8
+1 8
+2 8
+13 8
+1 8
+1 8
cfi=(71)
cfn=(282)
calls=8 -63 
* 9888
+1 8
+5 8
+1 8
+1 8
+2 8
+1 8
+1 8
+1 8
+1 8
+1 8
+1 8
+2 8
+2 8
+4 8
+3 8

fl=(10)
fn=(20)
28 18
+1 18
+1 18
+1 18
+2 9
+1 9
+2 9
+1 9
-1 27
+1 27
+1 35
+1 35
+1 35
+2 34
+5 17
+1 17
+1 17
+1 17
+3 17
-6 6
+1 6
+1 6
+1 6
+3 6
+1 19
+1 19
+1 19
+2 19
+3 15
+1 15
+1 15
+1 15
+3 15
+1 14
+1 14
+1 14
+2 14
+3 11
+1 11
+1 11
+1 11
+3 11
+1 7
+1 7
+1 7
+2 7
+3 7
+1 7
+1 7
+1 7
+3 7
+1 7
+1 7
+1 7
+2 8
+3 1
+2 1
+1 1
-3 16
+2 16
+1 16
+1 13
+2 13
+1 13
+1 12
+2 12
+1 12
+1 10
+2 10
+1 10
+1 5
+2 5
+2 5
+1 5
+1 4
+2 4
+1 4
+1 1
+2 1
+1 1
+3 18
+1 18

fl=(9)
fn=(18)
39 1
+7 1
-7 5
+7 1
-7 1
+10 1
-3 1
+3 5
182 2
+1 7
+7 3
+4 2
+2 4
+41 2
+4 4
+1 2
+3 1
+2 1
-2 3
+2 2
+3 2
+51 1
+1 1
+1 1
+1 8
200 2
+1 1
+6 3
+5 3
+16 2
+3 2
60 1
-31 2
+4 1
-4 1
+5 1
-1 1
+31 1
-30 1
+30 1
-31 1
+27 2
-26 1
+30 1
+1 1
-36 2
+3 1
+28 1
+5 1
+5 1
-17 1
+17 1
+3 1
+1 8
+35 1
-56 1
+56 1
+22 1
-78 1
+78 2

fl=(27)
fn=(154)
144 1
+34 1
-34 1
+34 2
-45 1
+1 1
+2 1
-3 1
+2 1
-2 1
+43 1
-43 2
+50 1
-1 1
+5 2
-4 1
-1 1
+7 1
-7 1
+3 2
+2 1
+2 1
-2 2
+16 5
+2 1
+1 1
-1 2
+4 1
+6 1
-12 1
-25 5
+40 1
+53 4
-1 1
+1 3
-52 1
+52 1

fn=(188)
879 6
+6 1
+3 2
+5 5
+41 1
+1 3
+1 6

fn=(140)
52 3
+48 2
+4 1

fn=(156)
349 1
+13 1
-13 2
+2 1
+11 2
cfi=(17)
cfn=(44)
calls=1 51 
* 78
* 1
+1 1
-1 1
+1 1
+7 1
+4 306
-58 1
+1 1
-1 1
+1 2
cfi=(17)
cfn=(36)
calls=1 102 
* 43
* 1
+1 2
+9 1
-6 1
+6 1
+64 5

fn=(78)
111 2
+1 2

fn=(214)
443 7
+1 1
-1 1
+1 1
+4 1
+6 2
-6 2
+6 2
+12 1
-15 1
-1 2
+21 6
+6 12
+3 1
+1 2
+7 1
+2 1
-2 2
+2 3
+1 1
+3 2
-1 2
+18 1
-2 1
-8 1
+8 2
-8 1
+8 1
cfi=(18)
cfn=(68)
calls=1 61 
* 23
* 4
cfi=(36)
cfn=(116)
calls=1 30 
* 150
* 2
-38 3
+52 2
+2 1
+1 8

fl=(11)
fn=(22)
34 4
+8 6
+4 2
+11 5

fl=(33)
fn=(110)
36 4
-1 4
+1 4
+1 24
+4 4

fl=(35)
fn=(114)
81 32
+1 8

fn=(220)
81 4
+1 1

fl=(8)
fn=(14)
31 1
-3 1
+3 6
+8 1
-6 2
+7 1

fl=(24)
fn=(66)
39 8
+2 1
-2 1
+3 1
-3 2
+3 1
-3 1
+2 3
+1 2
+9 1
-10 1
+10 2
+10 4
+42 1
+3 17
+1 1
-1 4
+30 2
+8 2
+2 3
+1 2
+1 2
+3 2
+7 1
-7 1
+1 1
+7 1
-1 1
+4 3
+1 1
-1 6
+1 1
+18 12
+1 4
cfi=(17)
cfn=(40)
calls=1 -89 
* 34
* 1
+1 1
-1 1
+1 4
+26 1
+3 1
-3 2
+3 1
+28 9
+1 2
-1 2
+1 6
-1 8
+5 6
+3 1
-3 1
+3 2
-3 1
+3 1
-3 2
+3 1
-3 1
+3 2
-3 1
+3 3
+1 12
+1 4
-1 4
+1 8
-2 4
+1 8
-1 14
+4 4
+3 1
+2 2
-1 1
-1 2
+2 10
+13 2
+1 1
-1 1
+3 2
-3 2
+1 1
-1 1
+3 2
+3 3
+3 9
-65 4
cfi=(18)
cfn=(68)
calls=1 61 
* 22
+1 2
-1 2
+1 1
cfi=(18)
cfn=(68)
calls=1 61 
* 22
* 4

ob=(6)
fl=(92) /h/apantu01/comp40/UM_Hayden/memory.c
fn=(370) init_segments
41 1
+1 1
cfi=(93) /h/apantu01/comp40/UM_Hayden/buarray.c
cfn=(372) BUArray_new
calls=1 -21 
* 3141
+2 4
cfi=(69)
cfn=(386) Seq_seq
calls=1 -44 
* 567
+1 1
-1 1
+2 1
cfi=(69)
cfn=(398) Stack_new
calls=1 -46 
* 216
* 1
+1 2

fn=(438) mem_put
90 14250336
+1 4750112
-1 9500224
+1 9500224
cfi=(69)
cfn=(440) Seq_get
calls=4750112 -91 
* 109252576
+2 4750112
-1 9500224
+1 9500224
-1 9500224
cfi=(93)
cfn=(442) BUArray_put
calls=4750112 -42 
* 85502016

fn=(446) mem_get
104 60992110
+1 91488165
cfi=(69)
cfn=(440)
calls=30496055 0 
* 701409265
+1 60992110
+1 30496055
-1 30496055
cfi=(93)
cfn=(448) BUArray_get
calls=30496055 -65 
* 457440825

fn=(462) map_segment
61 1238154
+2 412718
cfi=(93)
cfn=(372)
calls=412718 -42 
* 108476411
+2 412718
-2 412718
+2 412718
cfi=(69)
cfn=(464) Stack_empty
calls=412718 -65 
* 3714462
* 825436
+9 783574
cfi=(69)
cfn=(502) Stack_pop
calls=391787 -74 
* 43875848
+1 1175361
-1 391787
+1 391787
cfi=(69)
cfn=(488) Seq_put
calls=391787 -75 
* 10970036
+3 391787
-2 391787
+2 1175361
-12 62793
cfi=(69)
cfn=(396) Seq_addhi
calls=20931 -66 
* 560386
+1 20931
+1 41862
+10 83724

fn=(486) unmap_segment
138 402539
+1 402539
-1 402539
+1 402539
-1 402539
+1 805078
cfi=(69)
cfn=(488)
calls=402539 0 
* 11271092
+1 402539
-1 402539
+1 402539
cfi=(93)
cfn=(490) BUArray_free
calls=402539 32 
* 77288581
+1 1207617
cfi=(69)
cfn=(500) Stack_push
calls=402539 0 
* 54745304
+1 1207617

fl=(101) /h/apantu01/comp40/UM_Hayden/decode.c
fn=(450) unpack
127 49687310
-77 24843655
-2 24843655
+3 24843655
-1 24843655
+5 9520413
+1 9520413
-1 9520413
+1 9520413
-1 19040826
-4 45969726
+1 15323242
+1 15323242
-1 15323242
+1 15323242
-1 45969726

fn=(460) get_regc
107 30646484

fn=(454) get_rega
82 45806880

fn=(452) get_opcode
70 49687310

fn=(456) get_val
120 19040824

fn=(458) get_regb
95 29673666

fl=(93)
fn=(448)
41 152480275
+1 60992110
+1 60992110
+1 60992110
+1 121984220

fn=(372)
21 1238157
+1 412719
-1 412719
+1 412719
cob=(3)
cfi=(79) /usr/src/debug/glibc-2.17-c758a686/malloc/malloc.c
cfn=(324) malloc
calls=412718 2888 
* 41935529
cob=(1)
cfi=(70)
cfn=(281)
calls=1 +49 
* 1452
* 412723
+1 412719
-1 412719
+1 412719
+1 1238157
cob=(3)
cfi=(79)
cfn=(382) calloc
calls=412718 3183 
* 57048368
cob=(1)
cfi=(70)
cfn=(281)
calls=1 +47 
* 1658
* 412723
+1 412719
-1 412719
+1 412719
+1 412719
+2 2063595

fn=(490)
32 402539
+1 402539
-1 402539
+1 805078
+1 805078
cob=(3)
cfi=(79)
cfn=(496) free
calls=402538 2924 
* 35825698
cob=(1)
cfi=(70)
cfn=(281)
calls=1 +37 
* 1362
* 402543
+1 805078
cob=(3)
cfi=(79)
cfn=(496)
calls=402539 2924 
* 35825971
* 402539
+1 402539
+1 805078

fn=(442)
50 4750112
-1 28500672
+1 4750112
+1 9500224
+1 14250336
+1 4750112
+2 19000448

fl=(90) /h/apantu01/comp40/UM_Hayden/instruction_driver.c
fn=(362) driver
50 5
fi=(107) /usr/include/sys/stat.h
456 1
fe=(90)
50 4
fi=(107)
456 2
cob=(1)
cfi=(70)
cfn=(281)
calls=1 71 
* 1298
* 5
fe=(90)
68 1
+1 4
+2 1
cfi=(92)
cfn=(370)
calls=1 -30 
* 3936
+3 2
cob=(3)
cfi=(79)
cfn=(324)
calls=1 2888 
* 181
* 1
+1 1
-1 1
+1 1
+1 5
cob=(1)
cfi=(70)
cfn=(281)
calls=1 -5 
* 2476
* 5
+1 2
+6 4
fi=(100) /usr/include/bits/byteswap.h
-36 1
fe=(90)
+37 3
fi=(100)
-37 1
fe=(90)
+37 1
cfi=(92)
cfn=(438)
calls=1 +6 
* 56
fi=(100)
-37 30109
fe=(90)
+37 90327
fi=(100)
-37 30109
fe=(90)
+37 30109
cfi=(92)
cfn=(438)
calls=30109 +6 
* 1686104
-1 60220
+20 2
+11 48090224
+2 36785424
+2 27345420
+2 25509596
+2 25437716
+2 25332106
+2 22753698

ob=(3)
fl=(87) /usr/src/debug/glibc-2.17-c758a686/libio/fileops.c
fn=(414) _IO_file_stat
1270 2
+1 6
cfi=(97) /usr/src/debug/glibc-2.17-c758a686/io/../sysdeps/unix/sysv/linux/wordsize-64/fxstat.c
cfn=(416) _fxstat
calls=2 36 
* 20

fn=(352) _IO_file_fopen@@GLIBC_2.2.5
268 1
+12 1
-12 8
+11 3
+2 4
438 8
289 2
-20 1
+37 12
+41 1
233 1
+1 2
-1 1
+4 1
cfi=(88) /usr/src/debug////////glibc-2.17-c758a686/io/../sysdeps/unix/syscall-template.S
cfn=(354) open
calls=1 81 
* 7
* 1
+4 2
+3 1
-1 1
+1 2
+3 2
-3 1
+3 1
+10 2
cfi=(86) /usr/src/debug/glibc-2.17-c758a686/libio/genops.c
cfn=(350) _IO_link_in
calls=1 100 
* 11
367 3
cfi=(89) /usr/src/debug/glibc-2.17-c758a686/string/../string/strstr.c
cfn=(358) __GI_strstr
calls=1 53 
* 25
* 1
+1 3
-83 1
-1 1
-15 2

fn=(516) _IO_file_overflow@@GLIBC_2.2.5
831 368
+1 276
+7 640
+35 184
+3 184
+3 276
+1 276
+1 368
+4 92
+1 368
-45 2
+12 2
+9 4
+8 1
-4 1
+3 2
-2 2
-3 1
+1 2
+5 1
-1 1
+1 3
+1 2
+12 6
-1 3
+1 3
-1 3
cfn=(520) _IO_do_write@@GLIBC_2.2.5
calls=3 516 
* 297
* 6
-39 2
cfi=(86)
cfn=(410) _IO_doallocbuf
calls=1 415 
* 156
+1 6

fn=(428) _IO_file_underflow@@GLIBC_2.2.5
559 8
+8 3
+6 3
+3 2
+13 2
fi=(98) /usr/src/debug/glibc-2.17-c758a686/libio/libioP.h
886 3
fe=(87)
609 2
cfi=(86)
cfn=(432) _IO_switch_to_get_mode
calls=1 183 
* 24
+11 1
-5 1
fi=(98)
959 1
fe=(87)
615 2
fi=(98)
959 1
fe=(87)
616 1
+2 1
fi=(98)
960 1
fe=(87)
617 2
fi=(98)
960 1
fe=(87)
620 4
cfn=(420) _IO_file_read
calls=1 1252 
* 11
+2 2
+10 1
-3 1
+3 2
+2 2
+1 11

fn=(408) _IO_file_xsgetn
1412 9
+7 1
-7 1
+7 1
+11 1
fi=(98)
957 3
fe=(87)
1430 4
+2 3
+1 2
-1 6
+1 4
+8 4
+13 4
+9 6
+1 8
+18 1
-8 3
+1 3
+7 1
+1 6
+3 1
fi=(98)
959 2
+1 2
fe=(87)
1486 3
cfn=(420)
calls=1 1252 
* 11
+1 2
+12 1
-2 1
+1 1
+1 2
-69 4
+6 1
+68 1
+1 3
-1 1
+1 5
-70 3
cfi=(99) /usr/src/debug////////glibc-2.17-c758a686/string/../sysdeps/x86_64/memcpy.S
cfn=(434) __GI_memcpy
calls=1 61 
* 744
+1 2
+30 2
cfi=(86)
cfn=(426) __underflow
calls=1 331 
* 129
* 2
-44 3
+5 2
cfi=(86)
cfn=(410)
calls=1 415 
* 143
* 1

fn=(348) _IO_new_file_init_internal
144 1
+4 1
-4 3
+5 1
-1 1
+3 1
cfi=(86)
cfn=(350)
calls=1 -51 
* 82
+1 1
+1 4

fn=(520)
516 3
+2 6
-2 15
+2 3
+12 12
+7 12
+8 3
fi=(98)
959 6
+1 6
fe=(87)
545 12
cfn=(522) _IO_file_write@@GLIBC_2.2.5
calls=3 1302 
* 129
* 3
+1 9
+6 3
-4 3
+4 3
-4 9
+1 6
+3 3
-2 3
-32 6
+1 9
-1 3
+1 3
-1 3
+1 6
+32 6
-4 12

fn=(420)
1252 8
cfi=(88)
cfn=(422) read
calls=2 81 
* 14

fn=(522)
1302 21
+2 15
+11 3
+1 3
-12 6
+5 3
-1 9
+1 6
cfi=(88)
cfn=(524) write
calls=3 81 
* 21
+1 6
+9 9
+3 27

fl=(94) /usr/src/debug/glibc-2.17-c758a686/misc/../sysdeps/unix/sysv/linux/wordsize-64/mmap.c
fn=(384) mmap
32 4
+1 4
-1 36
+1 12
+1 40
+2 28
-3 8

fl=(102) /usr/src/debug////////glibc-2.17-c758a686/string/../sysdeps/x86_64/memset.S
fn=(484) __GI_memset
57 49853
+1 49853
+1 49853
+1 49853
+1 49853
+2 49853
+1 49853
+8 38537
+10 49853
+1 49853
+1 49853
+1 49853
+1 49853
+1 49853
+1 49853
+1 49853
+1 49853
+1 49853
+1 49853
+1 49853
+1 49853
+1 61169
+3 11316
+1 11316
+1 11316
+1 11316
+1 11316
+1 11316
+1 11316
-6 25
+1 25
+1 25
+1 25
+1 25
+1 25
+1 25
+1 11316

fl=(66) /usr/src/debug/glibc-2.17-c758a686/ctype/ctype-info.c
fn=(246) __ctype_init
32 5
+2 1
-2 2
+2 3
+2 5

fl=(95) /usr/src/debug/glibc-2.17-c758a686/libio/iofread.c
fn=(404) fread
35 5
+1 2
-1 2
+4 2
+2 18
+1 4
cfi=(86)
cfn=(406) _IO_sgetn
calls=1 494 
* 1157
fi=(98)
885 1
fe=(95)
42 1
fi=(98)
885 1
+1 9
fe=(95)
44 3
+1 6

fl=(96) /usr/src/debug/glibc-2.17-c758a686/libio/filedoalloc.c
fn=(412) _IO_file_doallocate
96 10
+15 8
fi=(98)
957 6
+2 4
+1 4
fe=(96)
111 6
cfi=(87)
cfn=(414)
calls=2 1270 
* 28
* 4
+2 8
+11 9
-14 1
+18 6
cfi=(94)
cfn=(384)
calls=1 -96 
* 33
* 6
cfi=(94)
cfn=(384)
calls=1 -96 
* 33
* 4
+1 10
cfi=(86)
cfn=(418) _IO_setb
calls=2 400 
* 42
+1 2
+1 13
-13 1
fi=(108) /usr/src/debug/glibc-2.17-c758a686/libio/../sysdeps/unix/sysv/linux/sys/sysmacros.h
-72 6
fe=(96)
+72 1
-2 2
+5 2

fl=(82) /usr/src/debug/glibc-2.17-c758a686/elf/dl-addr.c
fn=(330) _dl_addr
126 9
+5 1
-5 2
+5 2
cob=(1)
cfi=(2)
cfn=(50)
calls=1 917 
* 2
+3 6
+1 4
+1 20
+1 2
30 1
+1 1
-1 1
+4 2
+5 1
+6 1
-7 1
+2 2
+2 1
-2 1
+2 1
+3 1
+5 7
+2 1
+1 2
-1 1010
+1 2020
+2 4961
+6 11170
+2 8936
+1 16325
+7 2234
-2 2234
+2 5479
-21 2022
+49 3
+1 1
+1 3
+3 2
+41 3
cob=(1)
cfi=(2)
cfn=(52)
calls=1 923 
* 2
+3 9
-13 9
-19 1
+1 1
+23 2

fl=(86)
fn=(410)
415 6
+1 2
-1 2
+1 2
+6 8
-4 6
+1 2
fi=(98)
957 6
+2 4
+1 4
fe=(86)
419 4
cfi=(96)
cfn=(412)
calls=2 96 
* 249
* 4

fn=(514) __overflow
240 184
+2 276
+1 1
+1 1
fi=(98)
957 3
+2 2
+1 2
fe=(86)
244 91
fi=(98)
957 273
+2 182
+1 182
fe=(86)
244 92
+1 184
-1 92
cfi=(87)
cfn=(516)
calls=92 831 
* 3538

fn=(432)
183 4
+1 3
+3 3
+5 1
-1 2
+1 1
+7 1
-4 1
+2 2
+2 1
+1 1
+1 4

fn=(350)
100 8
+1 6
+4 1
-2 2
+2 5
+1 10
+2 1
-2 1
+1 1
+1 1
-2 1
+2 1
-2 1
+2 14
+2 1
-2 1
+4 1
+2 1
-3 1
-1 1
+4 7
+2 1
-1 1
+1 8
+1 2
+3 8
-6 7

fn=(346) _IO_old_init
633 1
-16 1
+1 1
+15 1
+5 1
-21 1
+2 1
+1 1
+1 1
+17 1
-16 1
+1 1
+1 1
+1 1
+1 1
+1 1
+2 1
+1 1
+1 1
+1 1
+6 1
+1 4

fn=(344) _IO_no_init
650 9
+1 1
cfn=(346)
calls=1 -18 
* 25
+3 1
-2 1
+2 1
+2 1
+1 1
+1 1
+1 1
+1 1
+1 1
+1 1
+1 1
+1 1
+1 1
+1 1
+1 1
+2 1
+3 1
+1 6

fn=(406)
494 1
fi=(98)
957 2
fe=(86)
494 1
+2 1
fi=(98)
957 1
+2 2
+1 2
fe=(86)
496 1
+1 2
-1 1
cfi=(87)
cfn=(408)
calls=1 1412 
* 1143

fn=(418)
400 10
+1 8
+3 2
+2 8
-3 2
+3 4
+3 8

fn=(426)
331 4
+2 4
+6 5
+3 2
+2 2
+6 2
+7 1
fi=(98)
957 3
+2 2
+1 2
fe=(86)
357 1
+1 1
-1 1
+1 2
-1 1
cfi=(87)
cfn=(428)
calls=1 559 
* 93
-2 3

fl=(81) /usr/src/debug/glibc-2.17-c758a686/malloc/arena.c
fn=(328) ptmalloc_init.part.7
383 6
+11 1
-8 1
+8 1
+7 3
+2 5
+16 2
-71 90
+16 45
-18 138
464 2
+5 2
+1 2
+2 1
+1 7
-78 5
cfi=(82)
cfn=(330)
calls=1 126 
* 56499
* 2
+1 4
-47 12
+1 6

fl=(73) /usr/src/debug/glibc-2.17-c758a686/stdlib/cxa_atexit.c
fn=(288) __cxa_atexit
56 6
-22 2
cfn=(290) __new_exitfn
calls=1 +38 
* 39
+2 2
+4 1
+3 1
+1 1
-4 2
+2 1
+4 1
+1 1
+11 4

fn=(290)
72 1
+6 2
-6 3
+6 4
+2 4
-7 2
+9 3
-2 1
+10 1
-10 2
+45 1
+1 1
+3 4
+3 5
-35 2
+14 1
+1 2

fl=(62)
fn=(238)
52 8
+6 6
+17 1
fi=(63) /usr/src/debug/glibc-2.17-c758a686/csu/../sysdeps/unix/sysv/linux/x86_64/init-first.c
-35 2
fe=(62)
+33 1
+1 1
fi=(63)
-34 1
-2 2
fe=(62)
+37 1
fi=(63)
-37 3
+2 1
cfi=(46) /usr/src/debug/glibc-2.17-c758a686/elf/../sysdeps/unix/sysv/linux/dl-vdso.c
cfn=(176) _dl_vdso_vsym
calls=1 -13 
* 7
+1 2
+5 2
-3 2
+1 1
+2 1
cfi=(46)
cfn=(176)
calls=1 -19 
* 7
fe=(62)
+43 1
fi=(63)
-39 1
fe=(62)
+39 2
fi=(63)
-39 2
+1 2
+1 1
fe=(62)
+37 1
cfi=(64) /usr/src/debug/glibc-2.17-c758a686/misc/init-misc.c
cfn=(242) __init_misc
calls=1 -59 
* 58
+8 1
cfi=(66)
cfn=(246)
calls=1 -65 
* 16
+5 6
-35 1
-9 1
+9 4
fi=(63)
-25 2
fe=(62)

fl=(47)
fn=(178)
30 1
+1 1
+1 1
+1 1
+2 1

fl=(50)
fn=(186)
0 15

fl=(65) /usr/src/debug////////glibc-2.17-c758a686/string/../sysdeps/x86_64/strrchr.S
fn=(244) __GI_strrchr
25 1
+1 1
+1 1
+1 1
+1 1
+1 1
+1 1
+1 1
+1 1
+1 1
+1 1
+1 1
+1 1
+1 1
+1 1
+1 1
+1 1
+1 1
+1 1
+1 1
+1 1
+1 1
+1 1
+13 1
+1 1
+1 1
+1 1
+7 1
+1 1
+1 1
+1 1
+1 1
+1 1
+1 1

fl=(88)
fn=(422)
81 4
cfn=(424) __read_nocancel
calls=2 * 
* 10

fn=(524)
81 6
cfn=(526) __write_nocancel
calls=3 * 
* 15

fn=(354)
81 2
cfn=(356) __open_nocancel
calls=1 * 
* 5

fn=(424)
81 10

fn=(526)
81 15

fn=(356)
81 5

fl=(80) /usr/src/debug/glibc-2.17-c758a686/malloc/hooks.c
fn=(326) malloc_hook_ini
30 2
fi=(81)
385 3
fe=(80)
29 3
cfi=(81)
cfn=(328)
calls=1 383 
* 56834
* 1
+4 1
-1 1
cfi=(79)
cfn=(325) malloc'2
calls=1 2888 
* 1220

fn=(478) realloc_hook_ini
37 9
+1 1
fi=(81)
385 1
fe=(80)
39 1
-1 1
fi=(81)
385 2
fe=(80)
39 1
fi=(81)
385 1
fi=(79)
2966 2
+4 2
+4 2
+5 1
-2 1
+2 1
+2 1
-2 1
+2 2
+3 3
+6 4
+1 2
+7 8
+2 2
fe=(80)
42 9
fi=(79)
2982 1
+44 6
+4 6
cfn=(482) _int_realloc
calls=1 4217 
* 345
* 1
+2 4
+4 4
-66 2
fe=(80)

fl=(84) /usr/src/debug/glibc-2.17-c758a686/misc/sbrk.c
fn=(340) sbrk
34 14
+8 14
-8 42
+8 81
+4 28
+4 52
+3 13
cfi=(85) /usr/src/debug/glibc-2.17-c758a686/misc/../sysdeps/unix/sysv/linux/x86_64/brk.c
cfn=(342) brk
calls=13 -22 
* 169
* 26
+4 70
-14 28
cfi=(85)
cfn=(342)
calls=14 -12 
* 182
* 56

fl=(99)
fn=(434)
61 11
+2 11
+2 11
+3 6
+1 6
+11 6
+1 6
+11 6
+1 6
+11 6
+1 6
+2 6
+1 6
+2 6
+1 6
+5 6
+1 6
+23 6
+8 11
+6 11
+2 11
+1 11
+26 11
+1 11
+3 3
+1 3
+1 3
+5 14
+2 14
+1 14
+1 14
+1 14
+2 14
+1 14
+1 14
+1 14
+2 14
+1 14
+2 14
+2 14
+2 14
+1 14
+1 14
+1 14
+2 14
+1 14
+1 14
+1 14
+2 14
+1 14
+2 20
+5 3
+6 3
+1 3
+19 8
+1 8
+1 8
+5 8
+1 8
+4 8
+1 8
+2 8795
+1 8
+6 8
+1 8
+1 8
+3 5
+6 5
+1 5
+2 5
+13 3
+1 3
+1 3
+3 3
+1 3
+1 3
+1 3
+2 2
+2 2
+2 2
+2 2
+3 2
+1 2
+69 512
+2 512
+1 512
+1 512
+1 512
+1 512
+1 512
+1 512
+1 512
+2 512
+1 512
+2 512
+1 512
+1 512
+1 512
+1 512
+1 512
+1 512
+1 512
+2 512
+1 512
+2 512
+2 512
+2 512
+1 512
+1 512
+1 512
+1 512
+1 512
+1 512
+1 512
+2 512
+1 512
+2 512
+1 512
+1 512
+1 512
+1 512
+1 512
+1 512
+1 512
+2 512
+1 512
+2 512
+3 2
+2 2
+2 2
+2 2
+6 2
+1 2
+1 2
-2 1
+1 1
+1 1
+2 3
+6 3
+1 3

fl=(79)
fn=(336) sysmalloc
2280 135
+21 15
+11 15
-11 30
+11 15
+1 43
+79 13
+20 13
-19 26
+19 26
2718 26
+6 13
+3 13
-3 13
+3 26
+1 13
+3 39
-2 13
+2 26
+1 13
-1 13
-1 13
+1 13
+1 13
+2 13
+6 104
-6 2
+6 16
-21 26
2314 6
+14 8
+6 4
2463 26
+19 26
-19 65
+19 26
+8 13
-8 13
+8 13
2336 16
cfi=(94)
cfn=(384)
calls=2 32 
* 66
+2 6
+34 2
-5 6
+5 8
+3 2
+1 2
-1 2
+1 2
+1 4
2491 78
cfi=(83) /usr/src/debug/glibc-2.17-c758a686/malloc/morecore.c
cfn=(338) __default_morecore
calls=13 47 
* 842
+1 13
-1 13
+1 13
+3 52
+2 26
+1 26
+18 26
+25 26
+2 26
2394 13
2549 13
-6 13
+6 37
+1 60
+2 6
+42 3
+19 1
+3 2
+1 4
+3 1
-3 1
+3 2
cfi=(83)
cfn=(338)
calls=1 47 
* 45
+12 3
+5 2
+1 4
+35 1
+1 1
-2 1
+1 2
+12 1
-12 1
+1 2
+11 1
2373 4
2542 5
+10 2

fn=(482)
4217 90
+21 40
+1 30
+15 20
+1 30
+1 20
+1 20
+6 20
+8 20
+12 10
-1 20
+87 90
-77 30
cfn=(332) _int_malloc
calls=10 3351 
* 1712
+1 10
-1 10
+1 10
+4 10
-1 10
+6 20
+11 10
+1 10
+2 20
+3 20
3834 30
+6 40
+1 20
+13 50
+13 20
+75 20
+19 10
-4 10
+4 20
+6 20
+8 30
+6 20
+1 20
+1 20
1909 30
3992 20
+7 20
+5 20
+4 10
+9 10
-1 10
+2 20
+7 10
-2 10
+1 10
+1 10
+2 7
+1 7
+2 7
+1 7
+2 21
+1 7
+30 21
-34 3
+1 3
+2 9
+1 3
+30 9
+1 2
+3 3
4320 30
cfi=(99)
cfn=(434)
calls=10 61 
* 31295
* 10
4070 6
3969 30
-2 20

fn=(476) realloc
2958 99
+7 22
+1 22
+4 20
+4 20
+5 10
-2 10
+2 10
+2 10
-2 10
+2 20
+3 27
+6 40
+1 20
+7 80
+2 20
2848 1
+1 1
-1 1
+12 1
-12 1
+9 5
+3 2
+3 10
cfi=(105) /usr/src/debug////////glibc-2.17-c758a686/misc/../sysdeps/unix/syscall-template.S
cfn=(528) mremap
calls=1 81 
* 6
+3 4
+9 1
-2 1
-5 1
+5 2
+2 1
+1 1
-3 1
+4 1
-1 1
+1 1
3006 1
+43 90
-67 11
+44 54
+4 54
cfn=(482)
calls=9 4217 
* 33947
* 9
+2 36
+4 36
2878 2
+92 20
-3 1
+82 7
-82 1
cfi=(80)
cfn=(478)
calls=1 37 
* 427

fn=(496)
2924 2393730
+1 2393730
+5 2393730
+5 1196865
-2 1196865
+2 2393730
+16 3590595
+1 3590595
cfn=(498) _int_free
calls=1196865 3821 
* 87366661

fn=(498)
3821 11968650
+13 3590595
+6 4787460
+1 2393730
+13 4787460
+13 2393730
+11 4787444
+1 3590583
1909 1196861
3903 1196861
1909 2393722
3905 3590583
+1 2393722
+1 1196861
+3 1196861
-3 1196861
+9 3590583
-5 3590583
+14 4785152
+2 1196861
+2 7181166
+2 4785152
4096 9574888
3942 8
3832 4
3943 8
+18 4
-4 4
+4 8
+6 8
+8 12
+6 8
+1 8
+1 8
1909 12
3992 8
+7 8
+5 8
+4 4
+9 4
-1 4
+2 8
+7 4
-2 4
+1 4
+1 4
+5 4
+1 4
+2 12
+1 4
+30 8
+20 8
+2 16
+10 32
3952 24
+2 8
+15 12
-2 8

fn=(324)
2888 3261048
+5 1630524
+1 1630524
+3 5706827
+2 2445783
cfn=(332)
calls=815261 3351 
* 48372108
+3 815261
-3 815261
+3 815261
+6 1630522
+1 3261044
+5 4076305
-17 4891566
+5 1630522
-7 1
+19 3
-19 1
cfi=(80)
cfn=(326)
calls=1 30 
* 58065

fn=(325)
2888 4
+5 2
+1 2
+3 7
+2 3
cfn=(332)
calls=1 3351 
* 1180
+3 1
-3 1
+3 1
+6 2
+1 4
+5 5
-17 6
+5 2

fn=(334) malloc_consolidate
4113 32
+22 8
+1 9
+12 3
5023 3
4138 3
+11 3
-1 3
5021 3
+2 3
-2 12
4151 6
+1 6
-1 54
+1 78
+26 1163
+4 1163
-3 1163
+1 1163
+2 1163
+5 1163
+1 1163
+1 1163
-2 1163
+12 1163
-12 1163
+3 1163
+9 2320
-41 1157
-3 1157
+3 2314
+1 1157
+1 2314
+2 2314
-4 6
-3 6
+3 12
+1 6
+1 12
+2 12
+1 12
+2 12
-1 12
+2 168
+3 2326
+3 2326
+4 2326
+26 120
+6 25
-73 3
1829 1
+2 3
-2 128
+2 378
-2 252
+6 3
+5 1
+2 1
-2 1
4208 8
1839 3

fn=(332)
3351 1227992
-30 1227992
+30 1227992
-30 1227992
+30 1227992
-30 1227992
+30 3683976
-30 7367952
+30 2455984
+4 2455984
+14 2455984
+1 3683868
+1 1227956
+1 1227956
-1 2455912
+5 2455912
+3 5922555
+1 1184511
-1 1184511
+1 2369022
+26 86962
+1 86942
+1 86942
+2 130413
+1 132
+3 65
+1 130
+5 65
+1 65
+1 65
+2 195
1902 1185753
3753 1185753
1902 2371506
3755 1185753
+58 9823936
3446 74
+1 20
+1 4
cfn=(334)
calls=1 4113 
* 178
* 2
3798 1
5023 2
3798 3
+2 25
5021 1
+2 1
-2 3
3467 2
3798 43415
5023 86830
3798 130245
+2 1085375
5021 43415
+2 43415
-2 130245
3467 86834
+67 3705
+1 7410
+1 2470
+45 1235
+7 1235
-6 1235
+1 1235
+1 1235
+1 1235
+3 1235
-52 7
+45 7
+7 7
-6 7
+1 7
+1 7
+1 7
+3 7
3467 133980
+2 5529
-1 5529
+1 11058
+1 11058
+7 5529
+10 22112
+34 1862
-5 1862
+1 1862
+4 1862
+12 2484
+6 44
+1 2
+1 2
+3 4
-5 34
+1 2
+1 2
+3 4
-5 15
+1 3
+1 3
+3 6
+34 28
-39 18
-50 4378
-1 8756
+2 4364
-1 8728
+4 3667
+1 7334
+4 7334
-3 7334
+1 7334
+1 7334
+1 3667
+2 3441
+1 3441
+3 24087
+2 6882
-2 3441
+2 3441
+4 3441
1902 3441
3507 3441
1902 6882
3504 1582
+2 452
-2 226
+2 226
+4 226
1902 226
3507 226
1902 83690
3539 7
+58 78262
+70 39131
+1 39131
+1 39131
-1 39131
+1 39131
+1 78262
+1 78262
+5 156664
+2 113916
+2 151836
-2 113865
+2 151804
-2 75894
+2 113829
+95 37954
+3 37954
-2 75908
+2 75908
+16 34
+1 4
cfn=(334)
calls=2 4113 
* 34107
+2 2
+1 2
-1 2
3688 959
+1 959
-2 4342
+7 1212
+3 2424
+1 35
+1 35
+1 35
-2 140
+59 35
3523 620
-1 1240
+1 1240
1902 620
3526 620
1902 1240
3528 1240
3382 5922555
3598 20
+3 30
3446 58
3680 32
+2 8
+1 16
-1 10
+1 20
3446 4
3704 3531
+8 1177
-3 2354
+3 14145
+3 2354
+2 480
-1 480
+1 1440
-37 30
+48 697
-5 697
+6 1394
+11 697
-6 697
+1 697
+1 697
+1 697
+3 697
+1 697
+1 1394
+2 6
+1 6
+2 42
+2 12
-2 6
+2 6
+1 12
-3 4837
+2 1382
-2 691
+2 691
+1 1382
3412 4
cfn=(334)
calls=1 4113 
* 793
* 3
+34 7
3807 60
cfn=(336)
calls=15 2280 
* 2427
+1 15
-1 15
+1 15
1902 60
3782 37937
-3 37937
+1 75874
+2 37937
-1 37937
+1 75874
+2 37937
-2 113811
+5 37937
-5 37937
+2 37937
1902 113811
3712 84

fn=(382)
3183 412720
+13 1238160
-13 412720
+10 825440
+3 412720
-13 1238160
+13 412720
+8 825440
+1 825440
+10 4952640
+7 412720
+8 412720
-7 825440
+7 825440
+15 1238160
cfn=(332)
calls=412720 3351 
* 25606358
+6 412720
-6 412720
+6 412720
+7 1650880
+3 825440
+6 1238160
+2 4
+44 2177202
-36 412719
-3 412719
+3 825438
-13 412719
+13 825438
+10 412719
+1 825438
+3 825438
+7 362866
-3 362866
+1 362866
+1 725732
+1 362866
+3 18851
-2 18851
+1 18851
+1 18851
+3 13628
-2 13628
+1 13628
+1 13628
+1 12194
+1 24388
-29 59721
+15 149559
cfi=(102)
cfn=(484)
calls=49853 57 
* 1187469
+21 348971

fl=(75) /usr/src/debug////////glibc-2.17-c758a686/setjmp/../sysdeps/x86_64/setjmp.S
fn=(308) __sigsetjmp
26 1
+9 1
+1 2
+1 1
+4 1
+1 1
+1 1
+1 1
+1 1
+2 2
+2 1
+1 1
+1 1
+2 2
+2 1
+9 1
cfi=(76) /usr/src/debug/glibc-2.17-c758a686/setjmp/sigjmp.c
cfn=(310) __sigjmp_save
calls=1 -35 
* 9

fl=(46)
fn=(176)
27 4
-1 4
+1 4
+4 8
-3 8

fl=(104) /usr/src/debug/glibc-2.17-c758a686/libio/putc.c
fn=(512) putc
27 92
+3 92
-3 184
+3 1380
+1 276
fi=(98)
885 184
+1 736
fe=(104)
34 276
-3 276
cfi=(86)
cfn=(514)
calls=92 240 
* 5103
* 184

fl=(97)
fn=(416)
36 2
-1 2
+1 2
+1 12
+4 2

fl=(76)
fn=(310)
29 2
-1 2
+1 2
+5 3

fl=(49)
fn=(184)
30 1
+1 1
+3 2
-3 4
+3 1
cfi=(46)
cfn=(176)
calls=1 -7 
* 7
+1 3
+1 3

fl=(89)
fn=(358)
53 8
+10 3
+2 2
+1 1
+23 8
-26 1
-5 2

fl=(78) /usr/src/debug/glibc-2.17-c758a686/libio/iofopen.c
fn=(360) __fopen_maybe_mmap
42 1
-2 1
+2 1
+15 1

fn=(320) __fopen_internal
65 6
+8 1
-8 2
+8 1
cob=(2)
cfi=(16)
cfn=(322) 0x0000000004f478c0
calls=1 -73 
* 58079
+2 1
-2 1
+2 1
+3 1
+3 5
-3 1
+3 1
cfi=(86)
cfn=(344)
calls=1 650 
* 58
+4 1
+1 1
-1 1
+1 1
cfi=(87)
cfn=(348)
calls=1 +58 
* 95
+4 5
cfi=(87)
cfn=(352)
calls=1 268 
* 113
* 1
+1 1
-1 1
+6 5
-5 1
cfn=(360)
calls=1 -49 
* 4

fn=(318) fopen@@GLIBC_2.2.5
103 2
cfn=(320)
calls=1 -38 
* 58388

fl=(72) /usr/src/debug/glibc-2.17-c758a686/csu/../csu/libc-start.c
fn=(286) (below main)
134 7
+10 1
-10 3
+10 7
+62 1
-62 1
+62 1
+1 4
cfi=(73)
cfn=(288)
calls=1 56 
* 61
+22 6
+3 2
+1 5
cob=(6)
cfi=(69)
cfn=(292) __libc_csu_init
calls=1 0 
* 57
+4 4
+15 2
+9 2
cfi=(74) /usr/src/debug////////glibc-2.17-c758a686/setjmp/../sysdeps/x86_64/bsd-_setjmp.S
cfn=(306) _setjmp
calls=1 33 
* 30
+1 2
+5 2
+1 2
+3 2
+3 6
cob=(6)
cfi=(77) /h/apantu01/comp40/UM_Hayden/um.c
cfn=(312) main
calls=1 12 
* 3425697810

fl=(67)
fn=(256) intel_02_known_compare
121 162
+3 162

fn=(248)
478 2
+12 1
-12 1
+12 1
-12 1
+12 1
-12 1
+12 1
648 2
+2 1
+1 1
+2 1
-3 1
+5 1
-5 1
+4 3
+4 2
+2 1
+1 1
+2 1
+4 1
-7 1
+5 1
-5 1
+4 1
+3 2
-3 1
+3 1
-3 1
+3 2
492 2
cfn=(250) handle_intel.isra.0
calls=1 262 
* 843
+4 1
-4 1
+4 1
cfn=(250)
calls=1 262 
* 884
+2 1
-2 1
-1 1
+3 1
+9 3
+2 1
+1 1
+2 1
+5 2
+9 16
-9 12
+6 3
-6 3
+6 3
-6 3
+6 1
-6 1
+6 1
+69 4
+1 6
-65 1
+32 1
-26 5
+7 2
+4 4
+2 4
-6 4
+4 1
-2 1
+2 1
-4 3
+4 1
-2 1
+2 1
+15 1
+1 4
-9 1
+2 2
+1 1
-1 2
+1 1
+1 1

fn=(250)
262 4
+12 2
-12 12
+9 2
+1 4
-3 6
+23 10
cfn=(252) intel_check_word
calls=2 132 
* 1444
+1 4
+3 10
cfn=(252)
calls=2 132 
* 189
+1 4
-17 4
+5 2
-5 4
+5 2
+2 2
+1 2
-1 4

ob=(6)
fl=(90)
fn=(362)
128 22753698
+2 21928262
+2 21123184
+2 21123000
+2 21123000
+2 19040826
+4 23087802
-36 46175604
+1 74530965
cfi=(92)
cfn=(446)
calls=24843655 -3 
* 1167651785
+2 49687310
cfi=(101)
cfn=(450)
calls=24843655 +18 
* 359416828
+1 24843655
cfi=(101)
cfn=(452)
calls=24843655 -40 
* 49687310
+2 24843655
-2 24843655
+2 24843655
+46 798543
cfi=(101)
cfn=(460)
calls=798543 -51 
* 1597086
* 798543
+1 2395629
+1 714765
cfi=(101)
cfn=(458)
calls=714765 -65 
* 1429530
* 714765
-18 714765
+18 714765
+1 714765
cfi=(101)
cfn=(454)
calls=714765 -79 
* 1429530
-55 714765
+55 1429530
-55 714765
+71 5652400
cfi=(101)
cfn=(458)
calls=5652400 -82 
* 11304800
* 11304800
+1 5652400
cfi=(101)
cfn=(460)
calls=5652400 -71 
* 11304800
* 5652400
+1 16957200
cfi=(92)
cfn=(446)
calls=5652400 -75 
* 265662800
* 5652400
+1 5652400
cfi=(101)
cfn=(454)
calls=5652400 -98 
* 11304800
* 16957200
+15 4720002
cfi=(101)
cfn=(454)
calls=4720002 82 
* 9440004
* 9440004
+1 4720002
cfi=(101)
cfn=(458)
calls=4720002 95 
* 9440004
* 9440004
+1 4720002
cfi=(101)
cfn=(460)
calls=4720002 -90 
* 9440004
* 4720002
+1 18880008
cfi=(92)
cfn=(438)
calls=4720002 90 
* 264320112
* 4720002
+13 917912
cfi=(101)
cfn=(458)
calls=917912 95 
* 1835824
* 1835824
+1 917912
cfi=(101)
cfn=(460)
calls=917912 107 
* 1835824
* 1835824
+1 917912
cfi=(101)
cfn=(454)
calls=917912 82 
* 1835824
* 3671648
+13 35940
cfi=(101)
cfn=(458)
calls=35940 95 
* 71880
* 71880
+1 35940
cfi=(101)
cfn=(460)
calls=35940 107 
* 71880
* 71880
+1 35940
cfi=(101)
cfn=(454)
calls=35940 82 
* 71880
* 143760
+13 52805
cfi=(101)
cfn=(458)
calls=52805 95 
* 105610
* 105610
+1 52805
cfi=(101)
cfn=(460)
calls=52805 107 
* 105610
* 105610
+1 52805
cfi=(101)
cfn=(454)
calls=52805 82 
* 105610
* 316830
+14 1289204
cfi=(101)
cfn=(458)
calls=1289204 95 
* 2578408
* 2578408
+1 1289204
cfi=(101)
cfn=(460)
calls=1289204 107 
* 2578408
* 2578408
+1 1289204
cfi=(101)
cfn=(454)
calls=1289204 82 
* 2578408
* 6446020
+29 412718
cfi=(101)
cfn=(460)
calls=412718 107 
* 825436
* 412718
+1 825436
cfi=(92)
cfn=(462)
calls=412718 61 
* 176222359
* 412718
+1 412718
cfi=(101)
cfn=(458)
calls=412718 95 
* 825436
* 1238154
+15 402539
cfi=(101)
cfn=(460)
calls=402539 107 
* 805078
* 402539
+1 805078
cfi=(92)
cfn=(486)
calls=402539 138 
* 149745601
* 402539
+14 92
cfi=(101)
cfn=(460)
calls=92 107 
* 184
* 184
+1 184
fi=(103) /usr/include/bits/stdio.h
81 184
cob=(3)
cfi=(104)
cfn=(512)
calls=91 -54 
* 8508
cob=(1)
cfi=(70)
cfn=(281)
calls=1 -10 
* 1636
* 96
* 92
fe=(90)
360 1041087
cfi=(101)
cfn=(458)
calls=1041087 95 
* 2082174
* 2082174
+1 1041087
cfi=(101)
cfn=(460)
calls=1041087 107 
* 2082174
+2 2082174
-2 1041087
+3 2082174
+16 9520412
cfi=(101)
cfn=(454)
calls=9520412 82 
* 19040824
* 19040824
cfi=(101)
cfn=(456)
calls=9520412 120 
* 19040824
* 19040824

fl=(69)
fn=(392) Mem_alloc
0 4427951
cob=(3)
cfi=(79)
cfn=(324)
calls=402541 2888 
0 39046650
0 402541
0 2817787

fn=(464)
0 3714462

fn=(488)
0 22241128

fn=(504) Mem_free
0 1175361
cob=(3)
cfi=(79)
cfn=(496)
calls=391787 2924 
0 34864747
0 391787

fn=(272)
0 11
cob=(1)
cfi=(70)
cfn=(280)
calls=1 71 
0 3425699589
0 5

fn=(388) Seq_new
0 11
cfn=(390) Mem_calloc
calls=1 0 
0 249
0 8
cfn=(392)
calls=1 0 
0 198
0 5
cfn=(394) UArrayRep_init
calls=1 0 
0 30
0 5

fn=(292)
0 16
cob=(2)
cfi=(16)
cfn=(294) 0x0000000000400998
calls=1 0 
0 6
0 7
cfn=(298) 0x0000000000400c60
calls=1 0 
0 17
0 11

ob=(3)
fl=(67)
fn=(250)
314 16

fn=(252)
132 32
+1 12
+6 32
+2 4
-2 4
+2 4
+88 8
-76 20
+53 16
+23 40
-1 8
+1 8
cfi=(68) /usr/src/debug/glibc-2.17-c758a686/stdlib/bsearch.c
cfn=(254) bsearch
calls=8 26 
* 1226
+2 16
+22 8
141 16
+2 10
+2 20
-10 2
258 32
-93 10
+5 10
-5 14
+9 2
+2 4
+8 2
+4 2
-2 4
+13 3
-34 15
+5 6
+4 8
+7 9
+9 2
-2 2
+3 2
-1 2
-2 2
+1 2
+1 2
-1 6
+1 2
-2 4

fl=(83)
fn=(338)
47 14
+1 14
cfi=(84)
cfn=(340)
calls=14 -14 
* 775
+2 42
+2 42

fl=(85)
fn=(342)
31 27
-3 27
+3 189
+8 27
-6 54

ob=(6)
fl=(69)
fn=(440)
0 810661841

fn=(468) UArray_resize
0 220
cfn=(470) Mem_resize
calls=11 0 
0 36616
0 66

fn=(470)
0 176
cob=(3)
cfi=(79)
cfn=(476)
calls=10 2958 
0 34730
cob=(1)
cfi=(70)
cfn=(281)
calls=1 71 
0 1607
0 15
0 88

fn=(386)
0 11
cfn=(388)
calls=1 0 
0 506
0 18
cfn=(396)
calls=1 0 
0 25
0 7

fn=(500)
0 4427929
cfn=(392)
calls=402539 0 
0 46694524
0 3622851

fn=(394)
0 30

fn=(398)
0 5
cfn=(392)
calls=1 0 
0 207
0 4

fn=(502)
0 6268592
cfn=(504)
calls=391787 0 
0 36431895
0 1175361

fn=(298)
0 17

fn=(390)
0 16
cob=(3)
cfi=(79)
cfn=(382)
calls=1 3183 
0 224
0 1
0 8

fn=(396)
0 523322
cfn=(466) expand
calls=11 0 
0 37056

ob=(3)
fl=(85)
fn=(342)
40 27

fl=(64)
fn=(242)
30 4
+1 5
+2 3
cfi=(65)
cfn=(244)
calls=1 -8 
* 34
+4 5
+1 3
+2 4

fl=(91) /usr/src/debug/glibc-2.17-c758a686/io/../sysdeps/unix/sysv/linux/wordsize-64/xstat.c
fn=(368) _xstat
36 1
-1 1
+1 1
+1 6
+4 1

fl=(45)
fn=(174)
36 1
+1 1
+3 2
-3 4
+3 1
cfi=(46)
cfn=(176)
calls=1 -13 
* 7
* 3
+1 3

fl=(74)
fn=(306)
33 1
+2 1
cfi=(75)
cfn=(308)
calls=1 -9 
* 28

fl=(68)
fn=(254)
26 8
+5 8
-5 72
+7 8
-7 16
+7 8
+7 8
+1 8
-8 16
+2 54
+2 54
-2 54
+1 162
+1 108
cfi=(67)
cfn=(256)
calls=54 +84 
* 324
+1 108
+1 46
-6 92
+14 8
-1 8
+1 56

fl=(44)
fn=(180)
120 1
+2 1
+1 1
+1 1
+9 1

fn=(172)
100 1
+2 1
+1 1
+1 1

ob=(6)
fl=(69)
fn=(396)
0 33

fn=(466)
0 77
cfn=(468)
calls=11 0 
0 36902
0 77

fl=(77)
fn=(312)
12 3
+1 2
+5 4
cob=(1)
cfi=(70)
cfn=(281)
calls=1 +53 
* 59621
* 5

ob=(3)
fl=(44)
fn=(172)
113 1

fl=(48)
fn=(182)
27 1
+1 1
+1 1
+1 1
+1 1
+2 1
+1 1

ob=(6)
fl=(77)
fn=(312)
19 1
-1 1
+1 1

ob=(3)
fl=(48)
fn=(182)
39 1

fl=(105)
fn=(528)
81 3

ob=(6)
fl=(77)
fn=(312)
20 3
cfi=(90)
cfn=(362)
calls=1 +30 
* 3425638169

ob=(3)
fl=(105)
fn=(528)
81 2
+1 1

ob=(4)
fl=(59)
fn=(206)
25 1
+1 1
+1 1
+1 1
+2 1

fl=(52)
fn=(192)
20 8

fl=(58)
fn=(204)
25 1
+1 1
+1 1
+1 1
+2 1

fl=(51)
fn=(190)
15 8

fl=(56)
fn=(200)
25 1
+1 1
+1 1
+1 1
+2 1

fl=(55)
fn=(198)
0 8

fn=(212)
0 8

fn=(262)
0 16

fn=(210)
0 8

fl=(53)
fn=(194)
25 1
+1 1
+1 1
+1 1
+2 1

fl=(57)
fn=(202)
10 5

fn=(208)
16 5

fl=(54)
fn=(196)
8 5

ob=(5)
fl=(61)
fn=(230)
0 17

ob=(2)
fl=(16)
fn=(258)
0 6

fn=(294)
0 6

fn=(322)
0 1
cob=(3)
cfi=(79)
cfn=(324)
calls=1 2888 
0 58078

fn=(226)
0 6

totals: 3425863588
