version: 1
creator: callgrind-3.11.0
pid: 2677
cmd:  ./um midmark.um
part: 1


desc: I1 cache: 
desc: D1 cache: 
desc: LL cache: 

desc: Timerange: Basic block 0 - 2125290577
desc: Trigger: Program termination

positions: line
events: Ir
summary: 7693642846


ob=(1) /usr/lib64/ld-2.17.so
fl=(19) /usr/src/debug////////glibc-2.17-c758a686/string/../sysdeps/x86_64/strcmp.S
fn=(54) strcmp
134 632
+1 632
+1 632
+1 346
+1 346
+1 346
+1 346
cfn=(55) strcmp'2
calls=346 -6 
* 13279
+5 286
+1 286
+1 286
+1 286

fn=(55)
134 1855
+1 1855
+1 1855
+1 1656
+1 1656
+1 1656
+1 1656
cfn=(55)
calls=1509 -6 
* 62766
+2 147
+1 147
+2 199
+1 199
+1 199
+1 199

fl=(1) ???
fn=(0) 0x0000000000000ff0
0 2
cfi=(2) /usr/src/debug/glibc-2.17-c758a686/elf/rtld.c
cfn=(2) _dl_start
calls=1 441 
0 161660
0 14
cfi=(60) /usr/src/debug/glibc-2.17-c758a686/elf/dl-init.c
cfn=(224) _dl_init
calls=1 90 
0 2304
0 3
cob=(6) /h/apantu01/comp40/UM_Hayden/um
cfi=(69) ???
cfn=(272) 0x0000000000400b79
calls=1 0 
0 7693478863

fl=(22) /usr/src/debug////////glibc-2.17-c758a686/posix/../sysdeps/unix/syscall-template.S
fn=(62) uname
81 4
+1 1

fl=(25) /usr/src/debug////////glibc-2.17-c758a686/string/../sysdeps/x86_64/rtld-strchr.S
fn=(70) index
40 10
+1 10
+1 10
+1 10
+1 6
+1 6
+3 6
+1 6
+1 6
-2 28
+1 28
+1 28
+1 34
+1 34
+1 34
+1 34
+1 34
+9 10
+1 10
+1 10
+2 20
+32 10
+1 10
+1 10
+1 10
+2 10
+3 10
-8 2
+1 2
+1 2
+1 2
+2 2
+3 2
+1 12
+1 12
+1 12
+2 12
+5 11
+1 11
+1 11
+3 11
+1 10
+1 10
+1 10
+2 10
+3 6
+1 6
+1 6
+1 6
+2 6
+3 6
+1 6
+1 6
+1 6
+2 6
+5 6
+1 6
+1 6
+3 6
+1 6
+1 6
+1 6
+2 6
+2 3
+1 3
+1 3
+1 3
+2 3
+3 3
+1 3
+1 3
+1 3
+2 3
+5 3
+1 3
+1 3
+3 3
+1 3
+1 3
+1 3
+2 3
+2 3
+1 3
+1 3
+1 3
+2 3
+3 3
+1 3
+1 3
+1 3
+2 3
+5 3
+1 3
+1 3
+3 3
+1 3
+1 3
+1 3
+2 3
+4 9
+1 9
+11 1
+1 1
+1 1
+1 1
+47 1
+1 1

fl=(12) /usr/src/debug/glibc-2.17-c758a686/elf/dl-tunables.c
fn=(26) _dl_process_tunable_env_entries
37 1
-8 1
+8 1
+1 4
+4 93
+1 1
-1 4
+3 2
+12 45
-19 135
+22 2

fl=(37) /usr/src/debug/glibc-2.17-c758a686/elf/dl-deps.c
fn=(126) openaux
60 10
+7 5
-4 15
+1 5
-1 5
+1 5
-1 25
cfi=(23) /usr/src/debug/glibc-2.17-c758a686/elf/dl-load.c
cfn=(94) _dl_map_object
calls=5 2094 
* 13535
* 5
+5 10

fn=(124) _dl_map_object_deps
147 1
+1 1
-1 2
+1 1
-1 1
+1 1
-1 1
+1 2
-1 4
+1 2
-1 1
+1 2
-1 1
+1 10
+15 1
-15 1
+16 1
-2 1
+1 1
-15 1
+16 1
+6 3
+10 1
-10 1
+10 3
-14 1
-4 1
+2 1
+17 1
-17 1
-2 2
+2 1
-2 1
+2 1
-2 1
+1 1
+1 1
+6 3
+10 1
-10 1
+10 3
-16 4
+20 1
+21 1
+1 1
-22 2
+19 1
-12 1
+15 1
-16 1
+13 1
347 9
215 1
+4 1
-8 1
+8 2
-4 4
+4 4
-8 4
+8 8
+12 15
+2 6
+6 3
-6 3
+6 3
+1 3
+4 3
-4 3
+1 3
+3 3
-6 3
+3 3
+3 9
-32 3
+32 6
+50 10
+1 9
-51 316
+1 158
+6 25
cfi=(25)
cfn=(70)
calls=5 40 
* 391
* 10
+5 25
-3 5
+3 5
cfi=(29) /usr/src/debug/glibc-2.17-c758a686/elf/dl-error.c
cfn=(86) _dl_catch_error
calls=5 -97 
* 13910
+2 15
+15 5
+2 10
+5 18
+6 3
+4 3
-10 6
+3 3
+1 3
+6 3
-5 3
+1 3
+4 3
-2 3
+2 6
-2 9
-57 8
-19 2
475 10
+2 9
+3 6
-1 3
cfi=(17) /usr/src/debug/glibc-2.17-c758a686/elf/dl-minimal.c
cfn=(40) malloc
calls=3 93 
* 102
* 3
+2 3
-2 3
+2 3
+3 3
+1 15
-1 3
+1 3
cfi=(18) /usr/src/debug////////glibc-2.17-c758a686/string/../sysdeps/x86_64/memcpy.S
cfn=(46) memcpy
calls=3 61 
* 68
+1 15
cfi=(18)
cfn=(46)
calls=3 61 
* 68
+4 3
-1 3
+5 36
+3 12
-1 5
+1 10
204 1
501 6
+1 2
+3 6
+11 4
-1 1
cfi=(17)
cfn=(40)
calls=1 93 
* 34
* 1
+3 1
-3 1
+3 2
+5 7
+1 4
+2 11
+6 12
+4 4
-10 4
+10 4
-10 9
+6 3
+4 1
-10 1
+10 1
-10 3
+13 2
+53 4
+43 19
+1 2
-1 1
-1 1
+2 1
cfi=(36) /usr/src/debug////////glibc-2.17-c758a686/string/../sysdeps/x86_64/rtld-memset.S
cfn=(116) memset
calls=1 30 
* 16
* 10
+11 1
-6 1
-1 1
+1 1
+6 2
-11 9
+11 3
-6 3
-1 3
+1 3
+6 9
+2 12
+1 6
-1 12
+1 9
+3 21
-1 30
+23 6
-28 12
+31 12
+3 30
cfi=(36)
cfn=(116)
calls=3 30 
* 30
* 17
219 10
+1 22
+2 3
+2 9
+2 22
+71 222
688 2
+2 1
+1 1
-1 1
+9 3
+3 2
+3 8
-42 3
-35 10
cfi=(18)
cfn=(46)
calls=1 61 
* 42
+2 4
226 26

fl=(17)
fn=(44) __libc_memalign
51 108
+1 133
+11 26
+1 26
-1 26
+3 26
-3 26
+3 52
-3 1
+1 1
-1 1
+3 1
-3 1
+3 98
+4 12
+1 9
+6 21
cfi=(34) /usr/src/debug/glibc-2.17-c758a686/misc/../sysdeps/unix/sysv/linux/wordsize-64/mmap.c
cfn=(112) mmap
calls=3 -45 
* 99
+2 15
+4 9
+3 3
+1 3
+2 15
-3 24
+1 24
+2 192
-31 3
+1 1
-2 3

fn=(36) calloc
102 10
+7 30
-3 10
+3 20
+4 10
cfn=(40)
calls=10 -20 
* 441
* 10

fn=(74) strsep
340 3
+1 6
+4 64
+7 156
-2 106
+4 2
+6 26
-15 79
+18 1
+4 1
-4 1
+4 2
-11 2
+1 1

fn=(40)
93 26
+1 52
cfn=(44)
calls=26 -43 
* 881
* 26

fl=(31) /usr/src/debug/glibc-2.17-c758a686/elf/dl-misc.c
fn=(134) _dl_sysdep_read_whole_file
43 1
+7 1
-7 3
+7 1
-7 1
+1 1
-1 2
+7 1
cfi=(32) /usr/src/debug////////glibc-2.17-c758a686/io/../sysdeps/unix/syscall-template.S
cfn=(102) open
calls=1 +31 
* 5
+1 1
-1 1
+1 1
+2 4
cfi=(33) /usr/src/debug/glibc-2.17-c758a686/io/../sysdeps/unix/sysv/linux/wordsize-64/fxstat.c
cfn=(110) _fxstat
calls=1 -17 
* 10
* 2
+2 1
+3 1
-3 1
+3 1
+13 2
cfi=(32)
cfn=(120) close
calls=1 +10 
* 5
+3 7
-14 6
cfi=(34)
cfn=(112)
calls=1 -28 
* 33
* 2

fn=(96) _dl_name_match_p
304 515
+1 206
cfi=(19)
cfn=(54)
calls=103 134 
* 728
* 103
+1 103
-1 103
+3 103
+2 206
+4 104
-4 208
+1 333
cfi=(19)
cfn=(54)
calls=111 134 
* 2072
* 222
-5 7
+11 131
-1 96
+1 384

fl=(2)
fn=(50) rtld_lock_default_lock_recursive
917 10

fn=(92) map_doit
704 2
+2 7
cfi=(23)
cfn=(94)
calls=1 2094 
* 2580
* 1
+2 2

fn=(52) rtld_lock_default_unlock_recursive
923 10

fn=(24) dl_main
1005 10
+19 1
2598 1
1005 1
2598 1
1005 1
+19 1
+3 1
-22 2
+22 1
+4 2
+1 2
+5 2
2591 2
+7 1
-5 1
+5 4
+5 1
cfi=(12)
cfn=(26)
calls=1 37 
* 289
* 1
-9 4
+11 2
cfi=(13) /usr/src/debug/glibc-2.17-c758a686/elf/dl-environ.c
cfn=(28) _dl_next_ld_env_entry
calls=1 30 
* 168
* 4
cfi=(13)
cfn=(28)
calls=2 30 
* 138
* 9
+4 48
+1 19
-1 57
+3 4
+6 16
2766 3
+30 3
1045 2
-2 1
+2 1
1241 7
cfi=(15) /usr/src/debug/glibc-2.17-c758a686/elf/dl-object.c
cfn=(32) _dl_new_object
calls=1 62 
* 244
* 1
+3 1
+1 1
+5 2
-5 1
+1 1
1014 1
1246 1
+4 1
cfi=(15)
cfn=(48) _dl_add_to_namespace_list
calls=1 33 
* 34
* 3
+30 1
-3 1
-5 1
+1 1
+2 1
+5 6
+56 2
1011 1
1336 2
-55 24
-1 27
+1 47
-1 2
1383 3
+3 2
+2 2
+2 2
+13 2
+1 8
cfi=(19)
cfn=(54)
calls=1 134 
* 7
* 3
+11 1
-4 1
+1 1
-3 1
+6 1
+6 2
fi=(3) /usr/src/debug/glibc-2.17-c758a686/elf/get-dynamic-info.h
29 1
+9 2
+6 1
-2 1
+2 2
+7 1
+5 1
+3 1
+2 1
-3 1
-3 1
-3 14
+10 3
-18 9
+8 21
+10 21
-18 63
+2 48
+5 12
+18 3
+67 3
+14 3
+18 2
fe=(2)
1426 2
cfi=(6) /usr/src/debug/glibc-2.17-c758a686/elf/dl-lookup.c
cfn=(10) _dl_setup_hash
calls=1 865 
* 14
+3 2
fi=(20) /usr/src/debug/glibc-2.17-c758a686/elf/setup-vdso.h
24 2
fe=(2)
1451 1
cfi=(21) /usr/src/debug/glibc-2.17-c758a686/elf/../sysdeps/unix/sysv/linux/dl-sysdep.c
cfn=(60) _dl_discover_osversion
calls=1 45 
* 93
* 8
1285 3
+1 1
+90 2
+1 2
+1 1
-6 2
+1 1
-37 2
-1 2
+1 4
-1 2
+2 4
+1 1
+3 2
+1 2
-1 2
+1 2
+1 2
+1 6
+1 2
-45 1
+9 1
-9 1
+9 1
-7 1
+25 1
-25 1
-3 1
+10 1
-19 3
+1 1
2693 4
+1 4
cfi=(14) /usr/src/debug/glibc-2.17-c758a686/string/../string/memcmp.c
cfn=(30) bcmp
calls=1 319 
* 120
* 2
+2 3
-57 4
cfi=(14)
cfn=(30)
calls=1 319 
* 26
* 2
+7 4
cfi=(14)
cfn=(30)
calls=1 319 
* 80
* 2
+2 3
1456 2
cfi=(23)
cfn=(64) _dl_init_paths
calls=1 710 
* 1934
+3 3
cfi=(26) /usr/src/debug/glibc-2.17-c758a686/elf/dl-debug.c
cfn=(76) _dl_debug_initialize
calls=1 51 
* 17
+7 1
-7 1
+2 1
+5 1
+3 3
+1 1
+3 1
-3 3
+1 2
+3 1
+5 1
-7 1
+7 1
+1 5
+4 1
+4 1
-2 4
+1 2
+1 3
+5 2
+1 6
+2 2
+1 2
+5 2
+6 4
+1 2
-2 1
1020 1
1688 1
cfi=(27) /usr/src/debug/glibc-2.17-c758a686/elf/../elf/dl-tls.c
cfn=(78) _dl_count_modids
calls=1 111 
* 4
* 1
+8 3
+3 2
+4 3
+7 1
+4 3
+19 3
+16 3
cfi=(32)
cfn=(122) access
calls=1 81 
* 9
* 2
+77 4
+17 3
+1 1
-1 1
+1 2
-1 1
+1 5
cfi=(37)
cfn=(124)
calls=1 147 
* 16342
+1 1
+5 1
-5 3
+2 2
+3 4
+1 4
-1 2
+1 16
-1 8
+4 3
+1 3
+1 1
+2 2
+1 5
-1 5
+1 6
-1 9
-28 11
168 2
1872 1
-1 2
+1 1
+2 1
+2 3
+2 1
-4 1
+4 2
+15 2
+1 3
+13 1
-2 1
+2 1
-2 1
+2 1
-1 1
-1 2
+2 1
cfi=(29)
cfn=(142) _dl_receive_error
calls=1 197 
* 4558
+10 1
+1 1
-1 1
+1 1
+1 1
cfn=(152) init_tls
calls=1 803 
* 626
* 1
+2 2
932 1
fi=(105) /usr/src/debug/glibc-2.17-c758a686/elf/../sysdeps/unix/sysv/linux/dl-osinfo.h
86 2
fe=(2)
934 1
fi=(105)
112 1
fe=(2)
943 1
+7 1
-5 1
1926 2
2159 3
+56 1
+4 1
+7 1
-11 1
+4 3
+4 2
+3 1
+8 2
+99 4
+2 1
+5 2
cfi=(27)
cfn=(214) _dl_allocate_tls_init
calls=1 443 
* 254
+4 2
+16 2
+29 1
cfi=(7) /usr/src/debug/glibc-2.17-c758a686/elf/../elf/dl-sysdep.c
cfn=(216) _dl_sysdep_start_cleanup
calls=1 251 
* 1
+4 3
+20 3
cfi=(26)
cfn=(76)
calls=1 51 
* 8
+1 1
-1 1
+2 1
cfi=(26)
cfn=(80) _dl_debug_state
calls=1 75 
* 1
+1 1
+4 1
cfi=(39) /usr/src/debug/glibc-2.17-c758a686/elf/dl-cache.c
cfn=(218) _dl_unload_cache
calls=1 316 
* 15
+5 8
1445 3
1735 3
+1 1
-1 2
+1 1
cfn=(82) handle_ld_preload
calls=1 970 
* 3602
* 1
+1 4
+2 3
-31 2
+1 1
cfi=(26)
cfn=(80)
calls=1 75 
* 1
* 1
2360 2
+15 1
+3 1
-3 1
+3 1
-3 2
+3 2
-3 1
+2 1
+1 1
cfi=(42) /usr/src/debug/glibc-2.17-c758a686/elf/dl-reloc.c
cfn=(158) _dl_relocate_object
calls=1 148 
* 9236
+1 4
+2 3
2209 1
1013 2
1869 2
2280 3
+7 1
+2 11
+2 1
+2 15
+5 10
+2 10
+8 5
-2 5
+2 10
+1 32
cfi=(42)
cfn=(158)
calls=4 148 
* 121350
+4 17
-22 14
+25 4
+2 1
+6 1
-6 1
+6 1
1830 6
+1 1
-1 2
+4 1
+1 1
-1 1
+2 2
2302 1
+1 1
-3 2
+14 2
cfi=(27)
cfn=(188) _dl_add_to_slotinfo
calls=1 879 
* 24
* 1

fn=(88) _dl_initial_error_catch_tsd
877 14

fn=(82)
970 9
+1 1
-76 1
+86 1
-11 2
-75 6
+80 3
fi=(28) /usr/src/debug/glibc-2.17-c758a686/elf/../string/bits/string2.h
+9 3
+1 5
-1 264
+1 132
+1 66
-2 66
+2 66
-2 199
+2 1
-2 3
fe=(2)
-5 3
+10 4
108 3
992 2
890 1
+5 5
-10 1
+4 1
+1 1
+1 1
+2 1
+2 1
cfi=(29)
cfn=(86)
calls=1 159 
* 2650
+1 2
+8 3
+89 1
-18 3
+21 9
-15 4
cfi=(18)
cfn=(46)
calls=1 61 
* 74
* 1
+1 3

fn=(2)
441 9
+18 4
fi=(3)
44 1
fe=(2)
459 1
fi=(5) /usr/src/debug/glibc-2.17-c758a686/elf/../sysdeps/x86_64/dl-machine.h
59 3
fi=(3)
-15 1
fe=(2)
488 1
-3 1
fi=(3)
44 1
+17 2
-3 1
-7 1
+5 1
+3 1
+2 1
-3 1
-3 1
-3 2
-5 28
+15 14
-18 42
+18 1
-18 3
+2 40
+5 24
+1 20
+10 5
-18 15
+25 2
+20 4
+1 4
+1 4
+1 4
+2 4
+5 4
+1 4
+1 4
fe=(2)
621 34
fi=(4) /usr/src/debug/glibc-2.17-c758a686/elf/do-rel.h
111 1
-28 1
+28 2
fi=(5)
497 3
fi=(4)
111 2
fi=(5)
497 1
fi=(4)
111 1
fi=(5)
497 27
fi=(4)
111 18
fi=(5)
497 9
fi=(4)
111 9
+13 1
fi=(5)
309 1
fi=(4)
124 2
+13 1
+2 2
-2 1
fi=(5)
263 1
fi=(4)
137 1
fi=(5)
291 1
fi=(4)
137 2
fi=(5)
291 1
fi=(4)
137 7
+2 14
-2 7
fi=(5)
263 7
fi=(4)
137 7
fi=(5)
291 7
fi=(4)
137 14
fi=(5)
291 7
+9 16
+3 8
-3 16
+3 24
+6 48
fi=(3)
53 4
+3 4
+3 4
+1 1
+1 2
fe=(2)
378 1
623 1
378 1
cfi=(6)
cfn=(10)
calls=1 865 
* 23
+1 2
+1 2
+1 2
+1 2
+20 1
+9 1
-9 3
+9 1
-6 1
-3 1
+9 1
cfi=(7)
cfn=(12) _dl_sysdep_start
calls=1 86 
* 160980
* 1
+9 4
+3 1
+4 1
-4 1
+4 1
648 9
fi=(5)
398 8
+9 8
fi=(4)
124 25
fe=(2)

fn=(152)
803 1
-1 1
-6 1
+2 2
+4 1
+10 2
-4 1
+4 2
cfi=(17)
cfn=(36)
calls=1 102 
* 43
* 1
-1 1
+6 1
-9 1
+11 1
+6 1
-1 1
+1 12
+2 10
+4 1
+2 1
-2 2
-5 10
+12 1
cfi=(27)
cfn=(154) _dl_determine_tlsoffset
calls=1 144 
* 56
+7 1
cfi=(27)
cfn=(156) _dl_allocate_tls_storage
calls=1 349 
* 455
+1 1
-1 1
+1 1
+6 1
+8 1
-8 1
+8 6
+4 2
+3 2

fn=(144) version_check_doit
736 2
+2 4
cfi=(41) /usr/src/debug/glibc-2.17-c758a686/elf/dl-version.c
cfn=(146) _dl_check_all_versions
calls=1 381 
* 4518
* 2
+4 2

fl=(40) /usr/src/debug/glibc-2.17-c758a686/string/strdup.c
fn=(138) strdup
40 8
+1 2
cfi=(10) /usr/src/debug////////glibc-2.17-c758a686/string/../sysdeps/x86_64/rtld-strlen.S
cfn=(20) strlen
calls=2 -13 
* 68
* 2
+1 4
cfi=(17)
cfn=(40)
calls=2 +51 
* 68
* 2
+2 4
+4 2
-1 4
+1 4
-1 4
cfi=(18)
cfn=(46)
calls=2 +14 
* 54

fl=(36)
fn=(116)
30 8
+1 8
+1 8
+1 2154
+1 8
+1 8

fl=(41)
fn=(146)
381 6
+4 4
-2 2
+4 35
cfn=(148) _dl_check_map_versions
calls=5 174 
* 4429
-2 5
+2 15
-1 5
-1 10
+5 7

fn=(148)
174 45
+15 5
-15 10
+15 10
+2 5
+3 5
-3 5
+2 5
+1 5
+2 5
-3 5
+3 5
+3 12
+4 18
+17 3
56 3
220 3
56 3
220 3
56 15
220 1
56 1
220 1
56 1
220 1
56 5
+1 14
-1 28
+2 54
cfi=(31)
cfn=(96)
calls=18 304 
* 1240
* 40
228 12
+5 32
+20 3
-16 87
cfn=(150) match_symbol
calls=2 76 
* 391
* 15
cfn=(150)
calls=5 76 
* 919
* 7
+8 28
+3 29
+9 16
+5 1
+1 1
-80 2
-8 2
+96 15
+3 9
+10 28
-7 112
+3 84
-3 12
+3 9
+8 5
+86 5
-86 5
+87 8
-81 16
cfi=(17)
cfn=(36)
calls=4 102 
* 220
* 4
+1 4
-2 4
+2 4
+11 4
-3 4
+3 8
+2 12
+3 12
+4 12
+18 3
-15 9
+2 9
-2 12
+2 12
+2 7
+1 7
-1 14
+1 7
-1 7
+1 7
+1 7
-2 7
+2 14
+1 21
+3 21
+8 12
+5 1
+1 1
+4 12
+3 12
+20 28
-14 28
-2 28
+2 31
-2 3
+2 3
+4 28
+2 28
-1 56
+1 28
-1 84
+1 28
+1 28
+3 93
+10 4
-1 4
+1 28

fn=(150)
76 77
+9 7
-8 7
-1 14
+1 7
+8 7
+6 21
+18 14
+5 14
+14 114
+12 150
+4 50
-30 100
+16 7
+3 28
cfi=(19)
cfn=(54)
calls=7 +1 
* 623
* 14
+35 56

fl=(29)
fn=(86)
159 42
+9 6
+2 6
cfi=(2)
cfn=(88)
calls=6 877 
* 12
* 6
+1 6
+2 12
-2 6
+2 6
cfi=(30) /usr/src/debug////////glibc-2.17-c758a686/setjmp/../sysdeps/x86_64/setjmp.S
cfn=(90) __sigsetjmp
calls=6 26 
* 120
+1 12
+2 12
+1 12
-1 6
+1 6
cfi=(37)
cfn=(126)
calls=5 60 
* 13620
cfi=(2)
cfn=(92)
calls=1 704 
* 2592
+1 6
+4 6
-4 6
+1 12
+1 12
+1 12
+10 24

fn=(142)
197 10
+1 1
cfi=(2)
cfn=(88)
calls=1 877 
* 2
+5 1
-1 1
-4 1
+9 1
+2 1
-3 1
+3 1
cfi=(2)
cfn=(144)
calls=1 736 
* 4528
+2 1
+1 1
+1 8

fl=(7)
fn=(216)
251 1

fn=(12)
86 7
+25 1
-1 1
+1 1
-25 1
+25 144
+6 1
-3 1
+1 1
-4 1
+3 1
+3 4
+1 6
-1 3
-29 1
-1 2
+31 108
-1 86
fi=(21)
-82 2
cfi=(8) /usr/src/debug/glibc-2.17-c758a686/elf/../sysdeps/unix/sysv/linux/x86_64/brk.c
cfn=(14) brk
calls=1 -4 
* 12
fi=(5)
220 5
+4 1
cfi=(9) /usr/src/debug/glibc-2.17-c758a686/elf/../sysdeps/x86/cpu-features.c
cfn=(18) init_cpu_features.constprop.0
calls=1 39 
* 115
fe=(7)
+2 3
+1 1
cfi=(10)
cfn=(20)
calls=1 28 
* 39
* 1
+2 2
cfi=(11) /usr/src/debug/glibc-2.17-c758a686/elf/../misc/sbrk.c
cfn=(22) sbrk
calls=1 34 
* 17
* 3
+12 3
+3 6
cfi=(2)
cfn=(24)
calls=1 1005 
* 160373
+2 9
-67 1
+1 1
-29 1
+1 1
+11 1
+1 1
-7 1
+1 1
-4 1
+1 1
-25 1
+1 1
-4 1
+1 1
-7 1
+1 1
+2 1
+1 1

fl=(18)
fn=(46)
61 21
+2 21
+2 21
+3 21
+1 21
+2 6
+1 6
+2 6
+1 6
+5 6
+1 6
-1 15
+1 15
+2 2
+1 2
+2 2
+1 4
+5 2
+1 2
-1 19
+1 19
+2 3
+1 3
+2 3
+1 3
+5 3
+1 3
-1 18
+1 18
+2 11
+1 11
+2 11
+1 11
+5 11
+1 11
-1 10
+1 19
+5 9
+1 9
+1 9
+1 9
+2 9
+2 9
+1 9
+2 9
+8 21
+8 4
+6 4
+2 4
+1 4
+3 1
+1 3
+5 1
+1 1
+2 1
+2 1
+1 1
+2 1
-8 1
+1 1
+2 1
+2 1
+1 1
+2 3
+9 1
+1 1
-1 3
+1 3
+3 4
+1 4
+1 4
+5 4
+2 4
+1 4
+1 4
+1 4
+2 4
+1 4
+1 4
+1 4
+2 4
+1 4
+2 4
+2 3
+2 3
+1 3
+1 3
+1 3
+2 3
+1 3
+1 3
+1 3
+2 3
+1 3
+2 9
+5 3
+6 3
+1 3
-7 1
+6 1
+1 1

fn=(68) mempcpy
61 32
+4 32
+3 32
+1 32
+2 13
+1 13
+2 13
+1 13
+5 13
+1 13
-1 19
+1 19
+2 19
+1 19
+2 19
+1 19
+5 19
+1 19
-1 13
+1 13
+2 12
+1 12
+2 12
+1 12
+5 12
+1 12
-1 20
+1 20
+2 18
+1 18
+2 18
+1 36
+5 18
+1 18
-1 14
+1 17
+5 3
+1 3
+1 3
+1 3
+2 3
+2 3
+1 3
+2 3
+6 32
+4 32
+12 1
+2 1
+1 1
+26 1
+1 1
+3 1
+1 1
+1 1
+5 1
+2 1
+1 1
+1 1
+1 1
+2 1
+1 1
+1 1
+1 1
+2 1
+1 1
+2 1
+2 1
+2 1
+1 1
+1 1
+1 1
+2 1
+1 1
+1 1
+1 1
+2 1
+1 1
+2 3
+5 1
+2 1

fl=(32)
fn=(120)
81 16
+1 4

fn=(122)
81 4
+2 5

fn=(102)
81 56
+1 4
+1 50

fn=(104) read
81 12
+1 3

fl=(60)
fn=(224)
90 10
+5 1
-4 1
-1 1
+2 1
+3 2
+7 6
+28 3
+1 4
-97 3
+97 16
-97 12
+9 4
-3 8
+3 12
+5 9
+5 4
+8 4
+2 4
+4 8
cob=(2) ???
cfi=(16) ???
cfn=(258) 0x0000000004c2b170
calls=1 -67 
* 6
cob=(3) /usr/lib64/libc-2.17.so
cfi=(62) /usr/src/debug/glibc-2.17-c758a686/csu/../csu/init-first.c
cfn=(238) _init
calls=1 -15 
* 148
+4 2
+1 4
+6 4
+2 4
-2 2
+3 12
+1 8
cob=(4) /usr/lib64/libm-2.17.so
cfi=(55) ???
cfn=(262) 0x00000000000056d0
calls=1 -82 
* 16
cob=(3)
cfi=(67) /usr/src/debug/glibc-2.17-c758a686/string/../sysdeps/x86_64/cacheinfo.c
cfn=(248) init_cacheinfo
calls=1 478 
* 1877
* 2
-1 8
+49 10
+4 1
+1 8
-86 4
-15 3
+9 1
-3 2
+3 3
+5 3
+5 2
+8 2
+2 2
+4 5
cob=(2)
cfi=(16)
cfn=(226) 0x0000000004a24510
calls=1 -67 
* 6
* 1
+4 1
+1 2
+6 2
+2 2
-2 1
+3 6
+1 4
cob=(5) /usr/sup/valgrind-3.11.0/lib/valgrind/vgpreload_core-amd64-linux.so
cfi=(61) ???
cfn=(230) 0x0000000000000640
calls=1 -82 
* 17
* 1
-1 4
+17 2
-54 3

fl=(38) /usr/src/debug/glibc-2.17-c758a686/io/../sysdeps/unix/sysv/linux/wordsize-64/xstat.c
fn=(130) _xstat
36 8
-1 8
+1 8
+1 48
+4 2
-4 24

fl=(39)
fn=(136) _dl_cache_libcmp
139 72
+1 52
+2 242
+2 121
-2 121
+2 4
+6 2
+2 2
-1 2
-1 2
+1 2
-1 2
+2 6
+2 10
+2 4
+6 238
+2 432
+4 97
+1 97
-29 194
+32 4
+1 4
-8 22
+8 44

fn=(132) _dl_load_cache_lookup
185 18
+8 4
+3 6
+45 4
+6 2
-6 1
+6 2
+8 2
+20 2
-20 2
+7 2
-7 2
+20 2
-20 2
+7 4
-7 2
+7 2
+13 350
cfn=(136)
calls=22 139 
* 1632
* 100
-76 4
cfi=(31)
cfn=(134)
calls=1 43 
* 94
+8 1
-8 1
+8 4
+1 4
cfi=(14)
cfn=(30)
calls=1 319 
* 112
* 2
+7 1
-3 1
+3 3
+3 1
+1 2
-1 1
+1 1
+1 3
cfi=(14)
cfn=(30)
calls=1 +99 
* 111
* 2
+2 2
+53 28
cfn=(136)
calls=2 139 
* 144
* 10
-12 6
+12 2
-12 4
-1 4
+13 46
+16 4
+4 4
+8 4
cfi=(10)
cfn=(20)
calls=2 28 
* 133
* 34
+1 2
-1 2
+1 4
cfi=(18)
cfn=(46)
calls=2 61 
* 54
+1 4
cfi=(40)
cfn=(138)
calls=2 40 
* 226
+1 16

fn=(218)
316 4
-1 1
+3 2
cfi=(35) /usr/src/debug////////glibc-2.17-c758a686/misc/../sysdeps/unix/syscall-template.S
cfn=(220) munmap
calls=1 81 
* 5
+1 1
+2 2

fl=(42)
fn=(158)
148 50
+15 5
-15 10
+15 5
+1 20
+6 10
+6 15
-18 6
+22 6
+8 10
-33 5
+78 5
fi=(5)
76 5
fe=(42)
233 10
fi=(5)
76 15
fe=(42)
259 224
159 15
fi=(5)
298 24
fe=(42)
-39 3
fi=(4)
48 3
fe=(42)
259 3
fi=(4)
58 3
fe=(42)
259 3
fi=(4)
47 6
+11 6
fe=(42)
259 2
159 10
fi=(5)
298 16
fe=(42)
-39 2
fi=(4)
48 2
fe=(42)
259 2
fi=(4)
58 2
fe=(42)
259 2
fi=(4)
47 4
+11 4
fe=(42)
259 5
fi=(4)
48 5
fe=(42)
259 5
fi=(4)
58 5
fe=(42)
259 5
fi=(4)
47 10
+11 10
+3 12
fi=(5)
507 62
+4 62
+2 93
+1 31
fi=(4)
61 126
+2 129
+2 38
-4 3
+13 6
+1 5
+1 24
fi=(5)
507 12
+24 12
fi=(4)
75 12
fi=(5)
531 12
+2 12
cob=(4)
cfi=(55)
cfn=(212) sin
calls=1 0 
* 8
cob=(4)
cfi=(55)
cfn=(210) __atan2_finite
calls=1 0 
* 8
cob=(4)
cfi=(57) /usr/src/debug/glibc-2.17-c758a686/math/../sysdeps/x86_64/fpu/multiarch/e_asin.c
cfn=(208) __asin_finite
calls=1 16 
* 5
cob=(4)
cfi=(59) /usr/src/debug////////glibc-2.17-c758a686/math/../sysdeps/x86_64/fpu/multiarch/s_floor.S
cfn=(206) floor
calls=1 25 
* 5
cob=(4)
cfi=(58) /usr/src/debug////////glibc-2.17-c758a686/math/../sysdeps/x86_64/fpu/multiarch/s_floorf.S
cfn=(204) floorf
calls=1 25 
* 5
cob=(4)
cfi=(57)
cfn=(202) __acos_finite
calls=1 10 
* 5
cob=(4)
cfi=(56) /usr/src/debug////////glibc-2.17-c758a686/math/../sysdeps/x86_64/fpu/multiarch/s_rintf.S
cfn=(200) rintf
calls=1 25 
* 5
cob=(4)
cfi=(55)
cfn=(198) __log_finite
calls=1 0 
* 8
cob=(4)
cfi=(54) /usr/src/debug/glibc-2.17-c758a686/math/../sysdeps/x86_64/fpu/multiarch/e_pow.c
cfn=(196) __pow_finite
calls=1 8 
* 5
cob=(4)
cfi=(53) /usr/src/debug////////glibc-2.17-c758a686/math/../sysdeps/x86_64/fpu/multiarch/s_rint.S
cfn=(194) rint
calls=1 25 
* 5
cob=(4)
cfi=(52) /usr/src/debug/glibc-2.17-c758a686/math/../sysdeps/x86_64/fpu/multiarch/s_sin.c
cfn=(192) cos
calls=1 20 
* 8
cob=(4)
cfi=(51) /usr/src/debug/glibc-2.17-c758a686/math/../sysdeps/x86_64/fpu/multiarch/e_exp.c
cfn=(190) __exp_finite
calls=1 15 
* 8
fi=(4)
75 12
fi=(5)
534 12
fi=(4)
75 14
fe=(42)
259 3
fi=(4)
75 9
fe=(42)
259 27
+3 15
+24 5
+3 10
+17 15
+2 40
fi=(4)
84 7
+2 14
+12 7
-15 7
+15 7
-15 7
+15 7
+10 10
+3 13
fi=(5)
497 9
fi=(4)
111 12
fi=(5)
497 3582
fi=(4)
111 4776
+7 21
+3 6
+3 6
-3 6
+3 6
-74 4
fi=(5)
424 4
fi=(4)
51 4
fi=(5)
424 16
fi=(4)
127 496
+9 234
+3 234
fi=(5)
266 117
fi=(4)
138 117
-2 117
+1 468
fi=(5)
266 117
+21 234
+4 234
+7 1518
fi=(4)
137 91
fi=(5)
298 182
fi=(4)
137 91
fi=(5)
298 91
fi=(4)
138 91
fi=(5)
298 182
fi=(4)
137 91
fi=(5)
298 283
fi=(4)
137 10
fi=(5)
298 20
fi=(4)
137 10
fi=(5)
298 10
fi=(4)
138 10
fi=(5)
298 20
fi=(4)
137 10
fi=(5)
298 1242
cfi=(6)
cfn=(164) _dl_lookup_symbol_x
calls=101 716 
* 104695
* 404
+2 312
+3 109
-3 218
+3 327
+6 819
fe=(42)
177 10
+1 2
+2 4
+79 10
fi=(5)
82 6
+4 9
+14 3
-8 3
+8 6
+20 6
+11 12
417 300
fi=(4)
124 384
+19 8
+1 26
+1 21
+3 14
+4 14
-1 7
-3 7
+1 7
+1 7
-1 14
fi=(5)
298 28
+2 7
+3 7
-3 7
+3 21
470 14
+1 7
cob=(3)
cfi=(50) ???
cfn=(186) memcpy@GLIBC_2.2.5
calls=1 0 
* 15
cob=(3)
cfi=(49) /usr/src/debug/glibc-2.17-c758a686/time/../sysdeps/unix/sysv/linux/x86_64/gettimeofday.c
cfn=(184) gettimeofday
calls=1 30 
* 22
cob=(3)
cfi=(48) /usr/src/debug////////glibc-2.17-c758a686/string/../sysdeps/x86_64/multiarch/memset.S
cfn=(182) memset
calls=1 27 
* 8
cob=(3)
cfi=(44) /usr/src/debug////////glibc-2.17-c758a686/string/../sysdeps/x86_64/multiarch/strcmp.S
cfn=(180) strncasecmp
calls=1 120 
* 5
cob=(3)
cfi=(47) /usr/src/debug////////glibc-2.17-c758a686/string/../sysdeps/x86_64/multiarch/strnlen.S
cfn=(178) strnlen
calls=1 30 
* 5
cob=(3)
cfi=(45) /usr/src/debug/glibc-2.17-c758a686/time/../sysdeps/unix/sysv/linux/x86_64/time.c
cfn=(174) time
calls=1 36 
* 22
cob=(3)
cfi=(44)
cfn=(172) strcasecmp
calls=1 100 
* 5
+1 14
298 39
fi=(4)
129 26
fi=(5)
298 20
+91 39
+4 65
+5 65
-71 2
+1 3
453 9
+4 18
cfi=(18)
cfn=(46)
calls=3 61 
* 54
+2 9
+1 3
fi=(4)
108 3
fe=(42)
314 10
+1 5
+1 5
-1 5
-1 10
+2 5
+3 10
+1 15
cfi=(35)
cfn=(114) mprotect
calls=5 81 
* 25
* 10
fi=(5)
124 12
-2 6
298 14
fi=(4)
129 3
+31 8
+2 20
+8 10
+1 5
-1 5
+1 5
fi=(5)
+95 5
fi=(4)
-96 10
fi=(5)
+96 5
+21 10
+4 10
+7 135
cfi=(6)
cfn=(164)
calls=5 716 
* 5414
* 20
+2 15
+3 1
-3 2
+3 3
+6 35
417 15
fi=(4)
160 15
+14 5
fi=(5)
298 95
fe=(42)

fl=(21)
fn=(60)
45 7
+2 3
+85 8
-45 3
cfi=(22)
cfn=(62)
calls=1 -6 
* 5
* 1
+15 1
-15 1
+20 1
-1 1
+3 12
+4 3
-2 6
+2 10
+2 1
+1 2
-3 4
+7 3
-1 3
+4 3
-2 3
+2 10
+5 2

fl=(23)
fn=(100) open_verify
1681 130
+36 13
-36 26
+36 26
+21 52
cfi=(32)
cfn=(102)
calls=13 81 
* 105
+1 13
-1 13
+1 13
+10 3
+1 6
+5 18
cfi=(32)
cfn=(104)
calls=3 81 
* 15
+2 6
+2 3
+2 3
-2 3
+2 3
-2 3
+8 6
+16 15
cfi=(14)
cfn=(30)
calls=3 319 
* 258
* 6
+2 3
-2 6
+4 12
cfi=(14)
cfn=(30)
calls=3 319 
* 240
-4 6
+60 6
+5 6
+3 12
+5 6
+7 3
+1 3
-1 12
+1 9
+1 3
+15 127
+1 42
+4 8
+1 4
+13 2
+1 2
+2 2
-3 2
+1 2
-1 2
+1 2
-2 2
+4 4
+5 2
+1 2
-13 8
cfi=(14)
cfn=(30)
calls=2 319 
* 146
* 8
cfi=(14)
cfn=(30)
calls=2 319 
* 160
* 8
+16 4
+6 2
-3 2
+1 2
+1 2
+1 4
+1 8
-4 2
+1 2
+1 2
-1 6
-1 2
+4 4
+5 10
+8 96
1814 1
1931 8
1783 8
cfi=(14)
cfn=(30)
calls=2 319 
* 176
* 4

fn=(128) open_path
1945 16
+1 2
-1 10
+7 2
-7 2
+1 2
+6 4
+5 34
+74 2
-74 2
-7 2
-1 2
+82 2
-22 2
-52 2
+52 8
-40 2
-9 2
+9 4
-9 2
+9 2
+7 16
cfi=(18)
cfn=(68)
calls=4 61 
* 116
+1 4
-1 4
+1 12
-13 8
+33 16
-20 38
+3 32
+4 80
cfi=(18)
cfn=(68)
calls=10 61 
* 198
* 40
cfi=(18)
cfn=(68)
calls=10 61 
* 230
* 10
+3 10
+3 20
+3 70
cfn=(100)
calls=10 1681 
* 400
* 10
+2 30
+26 8
+2 6
+36 2
+27 16
-84 16
+1 72
+6 16
+2 24
-2 8
+2 8
cfi=(38)
cfn=(130)
calls=8 36 
* 98
* 16
+1 2
+2 2
-2 2
+2 16
+7 4
-44 4
+37 12
+7 12
-44 14
+85 20
+7 4
-2 4
+2 12
+3 6
+14 6
-72 12

fn=(94)
2094 6
+12 12
-12 6
+12 6
-12 54
+12 6
-12 12
+12 12
+12 30
-12 45
+5 54
+1 36
+2 54
cfi=(31)
cfn=(96)
calls=18 304 
* 1245
* 39
2399 48
2141 6
+11 12
-56 6
+92 6
-2 3
+2 3
cfi=(25)
cfn=(70)
calls=3 40 
* 175
* 6
2330 6
cfn=(98) expand_dynamic_string_token
calls=1 419 
* 390
+1 1
-3 1
+4 1
-1 2
+4 6
cfn=(100)
calls=1 1681 
* 328
+3 1
-3 1
+3 1
+12 9
+2 6
+44 3
+1 21
-1 3
+1 15
cfn=(106) _dl_map_object_from_fd
calls=3 916 
* 6576
* 3
2192 4
cfi=(10)
cfn=(20)
calls=2 28 
* 121
* 2
+2 2
-2 2
+2 2
+7 8
+35 4
+1 30
cfn=(128)
calls=2 1945 
* 1872
* 6
+6 12
687 2
2244 2
687 4
2322 4
-97 10
+21 4
+6 8
+2 6
+4 4
cfi=(39)
cfn=(132)
calls=2 185 
* 3222
+2 2
-2 2
+2 2
+5 6
+8 4
+28 20
cfn=(100)
calls=2 1681 
* 1218
+3 2
-3 2
+3 4
+1 4
-79 14
687 2
2227 2
687 4
2205 2
+8 10
-7 4
-1 2
+8 16
-3 6
687 2
2211 2
687 4
2119 45
+3 6
+2 6
-1 12
+1 6
cfi=(19)
cfn=(54)
calls=6 134 
* 105
* 12

fn=(106)
916 33
+11 3
-11 3
+11 3
-11 9
+11 3
cfi=(26)
cfn=(76)
calls=3 51 
* 24
+4 9
-4 3
+4 3
cfi=(33)
cfn=(110)
calls=3 36 
* 30
* 6
+11 21
+1 9
-1 27
+1 36
461 3
1633 24
960 6
+25 6
+10 6
+22 3
-89 3
+89 9
+35 21
cfi=(15)
cfn=(32)
calls=3 62 
* 1477
+1 3
-1 3
+1 3
+11 6
+5 3
-5 3
+1 6
+1 3
+2 3
-2 3
+2 12
+1 9
+1 3
+24 57
+8 3
-8 6
+8 3
-8 9
+8 3
+99 3
1095 3
1201 3
1096 3
-11 3
1201 6
+8 12
1103 45
-1 184
+1 133
+6 6
+1 9
+1 3
+9 30
+6 12
+1 6
-1 24
+7 24
+11 6
+2 6
-1 6
+4 6
-5 6
+1 6
-1 12
+2 6
-1 6
+2 6
+3 6
+4 6
-9 6
+2 6
+1 6
+1 6
+1 6
+4 6
+1 9
+5 6
-16 3
+16 15
+10 3
-10 6
-16 3
+16 15
+10 3
+3 3
+5 1
-1 1
+3 1
-1 1
-1 1
+1 1
+3 3
+1 2
+3 2
+4 4
+6 1
cfi=(27)
cfn=(140) _dl_next_tls_modid
calls=1 52 
* 6
* 2
+1 1
+60 6
+1 9
+1 3
-6 6
+1 3
1114 2
+1 7
1262 9
+13 24
+2 6
+14 3
+5 18
cfi=(34)
cfn=(112)
calls=3 32 
* 105
+4 3
-4 3
+4 3
+7 3
+1 3
-1 3
+1 3
+2 3
-3 3
+1 3
+2 3
+10 3
+2 3
+33 18
+1 9
+2 12
+8 24
+6 3
+2 3
-2 3
+1 3
+2 3
-1 3
+1 3
-1 9
+8 6
+3 6
+11 21
cfi=(36)
cfn=(116)
calls=3 30 
* 1998
+1 15
+5 6
+15 6
-74 30
+2 12
+2 24
cfi=(34)
cfn=(112)
calls=3 32 
* 93
* 6
1065 3
1421 12
+9 6
fi=(3)
38 3
fe=(23)
1430 3
fi=(3)
38 3
+6 3
-2 3
+2 6
+7 3
+5 3
+3 3
-1 3
-3 3
-3 66
+10 15
-18 45
+8 58
+10 58
-18 174
+18 2
-18 6
+2 150
+5 68
+2 8
+16 6
+20 12
+1 12
+1 12
+1 12
+2 12
+5 12
+1 11
+1 11
+35 9
+5 2
+2 2
-2 2
+2 2
+2 4
+2 4
+1 1
+2 9
+10 2
-8 4
+9 4
-1 2
+5 4
+1 2
+2 6
fe=(23)
1436 6
+16 9
+19 6
+2 15
+51 9
+1 2
+3 2
cfi=(32)
cfn=(120)
calls=1 81 
* 5
* 4
cfi=(32)
cfn=(120)
calls=2 81 
* 10
* 6
+8 15
+3 9
+2 3
-2 3
+2 3
+16 6
cfi=(6)
cfn=(10)
calls=3 865 
* 60
+4 6
+1 6
+17 6
+1 1
+3 1
+6 1
-6 1
+1 2
+5 1
-6 2
+6 2
-6 2
+1 4
+5 2
+10 6
+10 9
cfi=(15)
cfn=(48)
calls=3 33 
* 132
+4 9
fi=(3)
56 8
fe=(23)
1317 3
-1 15
cfi=(35)
cfn=(114)
calls=3 81 
* 15
* 3
fi=(3)
59 8
+1 2
+1 8
fe=(23)
1359 10
+2 2
-1 6
+1 4
-1 2
+1 4
-1 4
+3 8
+43 8
cfi=(34)
cfn=(112)
calls=1 32 
* 31
+3 2
1536 6
937 2

fn=(72) fillin_rpath
489 7
+2 1
-2 9
+4 3
cfi=(17)
cfn=(74)
calls=1 340 
* 243
* 6
cfi=(17)
cfn=(74)
calls=2 340 
* 207
* 9
+3 4
cfi=(10)
cfn=(20)
calls=2 28 
* 89
+4 2
-4 2
+4 2
+7 12
+12 25
+1 10
+18 4
+4 6
+1 6
-1 2
+1 2
-2 2
cfi=(17)
cfn=(40)
calls=2 93 
* 68
* 2
+3 2
-3 2
+3 6
+5 2
+1 6
-2 2
+2 2
cfi=(18)
cfn=(68)
calls=2 61 
* 58
+3 2
-3 2
+3 2
-2 2
+2 2
+1 1
+5 4
+1 2
-1 4
+1 26
+1 20
+3 2
-1 4
+1 2
+7 2
+1 2
+3 6
-68 4
+5 4
+3 6
+23 4
+42 1
+3 9
-14 4

fn=(98)
419 9
+10 2
-10 1
+10 1
cfi=(25)
cfn=(70)
calls=1 40 
* 169
* 2
161 2
cfi=(10)
cfn=(20)
calls=1 28 
* 97
* 1
+1 2
cfi=(17)
cfn=(40)
calls=1 -69 
* 34
* 1
+2 2
444 1
167 2
444 6
167 2
cfi=(18)
cfn=(46)
calls=1 61 
* 56

fn=(64)
710 1
+15 2
-15 8
+15 3
cfi=(24) /usr/src/debug/glibc-2.17-c758a686/elf/dl-hwcaps.c
cfn=(66) _dl_important_hwcaps
calls=1 39 
* 346
+5 1
-5 1
+5 1
cfi=(17)
cfn=(40)
calls=1 93 
* 34
* 1
+1 1
-1 1
-1 1
+2 1
+8 1
-1 1
+1 1
-1 4
+5 4
cfi=(17)
cfn=(40)
calls=1 93 
* 34
* 1
+2 1
-2 1
-1 1
+3 1
+7 1
+10 1
+9 1
-20 1
+12 1
-1 1
+3 1
+1 1
-1 1
+6 9
+1 10
+2 2
-12 1
+12 1
-14 1
+2 1
+3 1
-2 1
+3 1
-1 8
+1 3
+6 11
-1 2
+14 1
-11 1
+6 1
+1 1
+5 2
+4 3
+32 4
+8 3
cfi=(25)
cfn=(70)
calls=1 40 
* 83
* 2
+2 2
cfi=(10)
cfn=(20)
calls=1 28 
* 57
* 17
cfi=(18)
cfn=(46)
calls=1 61 
* 31
* 1
+17 3
-1 2
+3 1
+1 3
+1 1
-4 3
+2 26
+1 78
+1 26
-4 79
+8 1
cfi=(17)
cfn=(40)
calls=1 93 
* 34
* 1
+1 1
-2 1
+2 1
+6 7
cfn=(72)
calls=1 489 
* 920
+4 3
+6 1
+4 8
-72 1
-2 1
+2 2
+11 2
-46 2
+61 4

fl=(14)
fn=(30)
319 17
+3 17
-3 85
+4 17
-4 17
+7 34
+4 15
+2 1
+1 1
+1 1
+1 1
+2 2
-5 1
+1 1
+1 1
+1 1
+2 2
+2 2
-9 6
+16 5
+1 10
-1 10
133 14
-18 6
350 4
+4 3
+2 3
-2 6
+1 3
+5 30
+2 13
+1 13
+1 13
+3 143
-3 81
-2 81
+1 81
+4 162
-7 182
+12 12
+1 136
232 3
-7 3
+1 3
+4 3
+2 3
-6 3
+4 3
+2 15
-95 2
+1 2
+1 2
+1 2
+1 2
+48 2
-2 2
+1 2
+1 14
-80 2
+1 4
+4 4
-5 8
+1 16
+4 18
238 3
+2 3
-4 3
+1 3
+4 3
-2 3
+56 6
-2 3
+2 6
-1 3
+1 6
+1 6
+12 18
+1 6
-6 6

fl=(34)
fn=(112)
32 11
+1 11
-1 99
+1 27
+1 110
+2 77
-3 26

fl=(6)
fn=(10)
865 15
+4 3
+4 6
+2 3
-1 3
+4 3
+4 3
-4 3
+1 6
+2 3
-2 3
+3 3
+2 3
+1 3
+1 12
+1 3
+3 6
+2 2
+2 2
+2 2
+1 2
+1 2
-4 2
+4 4

fn=(170) check_match.9524
132 5376
+1 1536
+2 1536
+2 1122
-2 748
+12 1122
+3 1956
cfi=(19)
cfn=(54)
calls=302 -16 
* 5298
* 604
+5 103
-1 103
+1 103
-1 103
+1 103
+2 204
+19 204
+1 816
+46 618
-18 2
+2 2
+1 4
-1 2
+1 1
-1 2
+9 271
+7 3990
-45 306
cfi=(19)
cfn=(54)
calls=102 -44 
* 8870
* 408
-43 788
+81 1182

fn=(166) do_lookup_x
82 1035
+1 115
-6 115
+5 345
-5 805
+11 115
+1 115
233 115
-3 115
+3 115
-3 345
98 115
-3 115
+1 115
+2 115
+3 115
-3 115
+3 115
-3 350
-3 350
+1 350
+2 350
+3 350
-3 350
+3 350
+4 954
+4 924
+4 924
+7 1386
+4 924
+1 1386
226 462
+1 924
+4 480
-2 240
+5 960
+4 480
-1 480
+1 240
-1 480
+21 142
+24 718
462 1965
+1 335
cfi=(31)
cfn=(96)
calls=67 304 
* 3139
* 402
+3 1086
+3 24
287 764
+4 251
+13 103
+1 103
-1 103
+1 103
+1 103
470 920
241 408
-1 204
+2 204
+2 303
+10 294
-7 980
+2 196
+1 392
-1 588
+1 294
cfn=(170)
calls=98 132 
* 15601
+1 490
+11 1316
+6 1129
+2 2660
-2 665
+2 665
-2 665
+4 4690
cfn=(170)
calls=670 132 
* 21882
+1 3355
-10 115
fi=(43) /usr/src/debug/glibc-2.17-c758a686/elf/../sysdeps/generic/dl-hash.h
32 115
-1 115
+1 575
+2 230
+1 345
+2 230
+1 345
+2 230
+1 345
+2 109
+1 109
-1 109
+2 327
+3 2838
+1 1892
+13 1892
-17 2838
+22 654
fe=(6)
263 218
fi=(43)
67 30
fe=(6)
263 12

fn=(164)
716 1380
477 115
716 230
477 345
-1 230
+2 115
-1 115
+1 345
-1 345
+1 1400
-1 1400
+1 4200
-1 4430
718 115
+4 115
+9 115
-13 115
+15 115
-14 230
+14 115
-2 115
+6 920
+2 1495
cfn=(166)
calls=115 82 
* 98749
+3 230
+3 12
-8 48
-7 230
+40 230
+24 103
+1 721
+26 103
+9 515
+14 309
+3 412
+5 103
+2 920
-82 84
+18 12
+1 24
+54 2

fl=(30)
fn=(90)
26 6
+9 6
+1 12
+1 6
+4 6
+1 6
+1 6
+1 6
+1 6
+2 12
+2 6
+1 6
+1 6
+2 12
+2 6
+4 6
+1 6

fl=(71) /usr/src/debug/glibc-2.17-c758a686/elf/../elf/dl-runtime.c
fn=(282) _dl_fixup
68 18
+6 18
-6 9
+3 9
-1 9
+1 9
+3 9
+1 9
-1 18
+1 27
+1 9
-1 9
+1 18
+9 18
+4 27
+4 18
+1 36
+2 36
+7 27
-1 9
+11 81
cfi=(6)
cfn=(164)
calls=9 716 
* 10798
* 9
+4 27
+10 54
+16 9
-8 9
+8 27
+4 27
fi=(5)
+85 9
fe=(71)
-81 27

fl=(15)
fn=(48)
33 8
+2 4
-2 12
+2 4
cfi=(2)
cfn=(50)
calls=4 917 
* 8
+2 29
+4 6
-1 27
+2 3
+2 3
+4 3
+4 3
-4 6
+1 6
+1 6
+2 3
+1 9
-1 3
cfi=(2)
cfn=(52)
calls=3 923 
* 6
-4 1
+4 1
-4 2
+1 2
+1 2
+2 1
+1 3
-1 1
cfi=(2)
cfn=(52)
calls=1 923 
* 2
-5 2

fn=(32)
62 44
+1 4
-1 8
+1 4
cfi=(10)
cfn=(20)
calls=4 -35 
* 228
+6 4
-6 12
+6 44
+7 16
cfi=(17)
cfn=(36)
calls=4 +26 
* 225
* 4
+3 4
-3 4
+3 4
+4 4
+5 4
-6 4
+6 4
-5 4
+5 4
-1 8
+1 4
cfi=(18)
cfn=(46)
calls=4 -27 
* 120
* 4
+4 4
-2 4
+3 4
-1 4
+1 16
+3 4
-3 4
+3 4
+9 4
-7 4
+4 4
+3 9
+2 2
-2 2
+2 30
-2 30
+12 4
+6 4
-5 4
-1 4
+6 12
-2 4
+2 8
+2 9
+3 9
+4 9
+4 9
+2 1
+6 1
+3 2
+3 5
-3 6
+3 15
+2 3
+4 3
-4 3
cfi=(10)
cfn=(20)
calls=3 28 
* 165
* 6
+4 3
-4 3
+4 9
+64 6
+4 32
-88 9
-39 9
+39 3
+70 9
cfi=(18)
cfn=(68)
calls=3 61 
* 108
* 3
+5 50
+1 50
-1 50
+1 53
-1 3
+1 9
+5 6
-57 6
cfi=(17)
cfn=(40)
calls=3 -67 
* 102
* 3
+1 3
-1 3
+1 9

fl=(26)
fn=(80)
75 2

fn=(76)
51 10
+5 8
+5 2
-1 1
+1 2
+1 2
-1 2
-9 5
+4 10
+4 1
-1 1
-59 5

fl=(13)
fn=(28)
30 3
+3 11
+2 90
+11 43
-13 129
-2 1
+19 1
-14 20
+5 2
-3 2
+3 2
+2 2

fl=(70) /usr/src/debug////////glibc-2.17-c758a686/elf/../sysdeps/x86_64/dl-trampoline.h
fn=(280) _dl_runtime_resolve_xsave
71 1
+3 1
+2 1
+10 1
+6 1
+1 1
+1 1
+1 1
+1 1
+1 1
+1 1
+4 1
+1 1
+3 1
+1 1
+2 1
+1 1
+1 1
+1 1
+1 1
+1 1
+2 1
+13 1
+1 1
+1 1
cfi=(71)
cfn=(282)
calls=1 -63 
* 1531
+1 1
+5 1
+1 1
+1 1
+2 1
+1 1
+1 1
+1 1
+1 1
+1 1
+1 1
+2 1
+2 1
+4 1
+3 1

fn=(281) _dl_runtime_resolve_xsave'2
71 8
+3 8
+2 8
+10 8
+6 8
+1 8
+1 8
+1 8
+1 8
+1 8
+1 8
+4 8
+1 8
+3 8
+1 8
+2 8
+1 8
+1 8
+1 8
+1 8
+1 8
+2 8
+13 8
+1 8
+1 8
cfi=(71)
cfn=(282)
calls=8 -63 
* 9888
+1 8
+5 8
+1 8
+1 8
+2 8
+1 8
+1 8
+1 8
+1 8
+1 8
+1 8
+2 8
+2 8
+4 8
+3 8

fl=(10)
fn=(20)
28 18
+1 18
+1 18
+1 18
+2 9
+1 9
+2 9
+1 9
-1 27
+1 27
+1 35
+1 35
+1 35
+2 34
+5 17
+1 17
+1 17
+1 17
+3 17
-6 6
+1 6
+1 6
+1 6
+3 6
+1 19
+1 19
+1 19
+2 19
+3 15
+1 15
+1 15
+1 15
+3 15
+1 14
+1 14
+1 14
+2 14
+3 11
+1 11
+1 11
+1 11
+3 11
+1 7
+1 7
+1 7
+2 7
+3 7
+1 7
+1 7
+1 7
+3 7
+1 7
+1 7
+1 7
+2 8
+3 1
+2 1
+1 1
-3 16
+2 16
+1 16
+1 13
+2 13
+1 13
+1 12
+2 12
+1 12
+1 10
+2 10
+1 10
+1 5
+2 5
+2 5
+1 5
+1 4
+2 4
+1 4
+1 1
+2 1
+1 1
+3 18
+1 18

fl=(9)
fn=(18)
39 1
+7 1
-7 5
+7 1
-7 1
+10 1
-3 1
+3 5
182 2
+1 7
+7 3
+4 2
+2 4
+41 2
+4 4
+1 2
+3 1
+2 1
-2 3
+2 2
+3 2
+51 1
+1 1
+1 1
+1 8
200 2
+1 1
+6 3
+5 3
+16 2
+3 2
60 1
-31 2
+4 1
-4 1
+5 1
-1 1
+31 1
-30 1
+30 1
-31 1
+27 2
-26 1
+30 1
+1 1
-36 2
+3 1
+28 1
+5 1
+5 1
-17 1
+17 1
+3 1
+1 8
+35 1
-56 1
+56 1
+22 1
-78 1
+78 2

fl=(27)
fn=(78)
111 2
+1 2

fn=(214)
443 7
+1 1
-1 1
+1 1
+4 1
+6 2
-6 2
+6 2
+12 1
-15 1
-1 2
+21 6
+6 12
+3 1
+1 2
+7 1
+2 1
-2 2
+2 3
+1 1
+3 2
-1 2
+18 1
-2 1
-8 1
+8 2
-8 1
+8 1
cfi=(18)
cfn=(68)
calls=1 61 
* 23
* 4
cfi=(36)
cfn=(116)
calls=1 30 
* 150
* 2
-38 3
+52 2
+2 1
+1 8

fn=(154)
144 1
+34 1
-34 1
+34 2
-45 1
+1 1
+2 1
-3 1
+2 1
-2 1
+43 1
-43 2
+50 1
-1 1
+5 2
-4 1
-1 1
+7 1
-7 1
+3 2
+2 1
+2 1
-2 2
+16 5
+2 1
+1 1
-1 2
+4 1
+6 1
-12 1
-25 5
+40 1
+53 4
-1 1
+1 3
-52 1
+52 1

fn=(188)
879 6
+6 1
+3 2
+5 5
+41 1
+1 3
+1 6

fn=(140)
52 3
+48 2
+4 1

fn=(156)
349 1
+13 1
-13 2
+2 1
+11 2
cfi=(17)
cfn=(44)
calls=1 51 
* 78
* 1
+1 1
-1 1
+1 1
+7 1
+4 306
-58 1
+1 1
-1 1
+1 2
cfi=(17)
cfn=(36)
calls=1 102 
* 43
* 1
+1 2
+9 1
-6 1
+6 1
+64 5

fl=(11)
fn=(22)
34 4
+8 6
+4 2
+11 5

fl=(33)
fn=(110)
36 4
-1 4
+1 4
+1 24
+4 4

fl=(35)
fn=(114)
81 32
+1 8

fn=(220)
81 4
+1 1

fl=(8)
fn=(14)
31 1
-3 1
+3 6
+8 1
-6 2
+7 1

fl=(24)
fn=(66)
39 8
+2 1
-2 1
+3 1
-3 2
+3 1
-3 1
+2 3
+1 2
+9 1
-10 1
+10 2
+10 4
+42 1
+3 17
+1 1
-1 4
+30 2
+8 2
+2 3
+1 2
+1 2
+3 2
+7 1
-7 1
+1 1
+7 1
-1 1
+4 3
+1 1
-1 6
+1 1
+18 12
+1 4
cfi=(17)
cfn=(40)
calls=1 -89 
* 34
* 1
+1 1
-1 1
+1 4
+26 1
+3 1
-3 2
+3 1
+28 9
+1 2
-1 2
+1 6
-1 8
+5 6
+3 1
-3 1
+3 2
-3 1
+3 1
-3 2
+3 1
-3 1
+3 2
-3 1
+3 3
+1 12
+1 4
-1 4
+1 8
-2 4
+1 8
-1 14
+4 4
+3 1
+2 2
-1 1
-1 2
+2 10
+13 2
+1 1
-1 1
+3 2
-3 2
+1 1
-1 1
+3 2
+3 3
+3 9
-65 4
cfi=(18)
cfn=(68)
calls=1 61 
* 22
+1 2
-1 2
+1 1
cfi=(18)
cfn=(68)
calls=1 61 
* 22
* 4

ob=(3)
fl=(87) /usr/src/debug/glibc-2.17-c758a686/libio/fileops.c
fn=(408) _IO_file_xsgetn
1412 9
+7 1
-7 1
+7 1
+11 1
fi=(97) /usr/src/debug/glibc-2.17-c758a686/libio/libioP.h
957 3
fe=(87)
1430 4
+2 3
+1 2
-1 6
+1 4
+8 4
+13 4
+9 6
+1 8
+18 1
-8 3
+1 3
+7 1
+1 6
+3 1
fi=(97)
959 2
+1 2
fe=(87)
1486 3
cfn=(420) _IO_file_read
calls=1 1252 
* 11
+1 2
+12 1
-2 1
+1 1
+1 2
-69 4
+6 1
+68 1
+1 3
-1 1
+1 5
-70 3
cfi=(98) /usr/src/debug////////glibc-2.17-c758a686/string/../sysdeps/x86_64/memcpy.S
cfn=(434) __GI_memcpy
calls=1 61 
* 744
+1 2
+30 2
cfi=(86) /usr/src/debug/glibc-2.17-c758a686/libio/genops.c
cfn=(426) __underflow
calls=1 331 
* 129
* 2
-44 3
+5 2
cfi=(86)
cfn=(410) _IO_doallocbuf
calls=1 415 
* 143
* 1

fn=(352) _IO_file_fopen@@GLIBC_2.2.5
268 1
+12 1
-12 8
+11 3
+2 4
438 8
289 2
-20 1
+37 12
+41 1
233 1
+1 2
-1 1
+4 1
cfi=(88) /usr/src/debug////////glibc-2.17-c758a686/io/../sysdeps/unix/syscall-template.S
cfn=(354) open
calls=1 81 
* 7
* 1
+4 2
+3 1
-1 1
+1 2
+3 2
-3 1
+3 1
+10 2
cfi=(86)
cfn=(350) _IO_link_in
calls=1 100 
* 11
367 3
cfi=(89) /usr/src/debug/glibc-2.17-c758a686/string/../string/strstr.c
cfn=(358) __GI_strstr
calls=1 53 
* 25
* 1
+1 3
-83 1
-1 1
-15 2

fn=(518) _IO_do_write@@GLIBC_2.2.5
516 4
+2 8
-2 20
+2 4
+12 16
+7 16
+8 4
fi=(97)
959 8
+1 8
fe=(87)
545 16
cfn=(520) _IO_file_write@@GLIBC_2.2.5
calls=4 1302 
* 172
* 4
+1 12
+6 4
-4 4
+4 4
-4 12
+1 8
+3 4
-2 4
-32 8
+1 12
-1 4
+1 4
-1 4
+1 8
+32 8
-4 16

fn=(420)
1252 8
cfi=(88)
cfn=(422) read
calls=2 81 
* 14

fn=(520)
1302 28
+2 20
+11 4
+1 4
-12 8
+5 4
-1 12
+1 8
cfi=(88)
cfn=(522) write
calls=4 81 
* 28
+1 8
+9 12
+3 36

fn=(348) _IO_new_file_init_internal
144 1
+4 1
-4 3
+5 1
-1 1
+3 1
cfi=(86)
cfn=(350)
calls=1 -51 
* 82
+1 1
+1 4

fn=(414) _IO_file_stat
1270 2
+1 6
cfi=(96) /usr/src/debug/glibc-2.17-c758a686/io/../sysdeps/unix/sysv/linux/wordsize-64/fxstat.c
cfn=(416) _fxstat
calls=2 36 
* 20

fn=(514) _IO_file_overflow@@GLIBC_2.2.5
831 460
+1 345
+7 801
+35 230
+3 230
+3 345
+1 345
+1 460
+4 115
+1 460
-45 2
+12 2
+9 4
+8 1
-4 1
+3 2
-2 2
-3 1
+1 2
+5 1
-1 1
+1 3
+1 2
+12 8
-1 4
+1 4
-1 4
cfn=(518)
calls=4 516 
* 396
* 8
-39 2
cfi=(86)
cfn=(410)
calls=1 415 
* 156
+1 6

fn=(428) _IO_file_underflow@@GLIBC_2.2.5
559 8
+8 3
+6 3
+3 2
+13 2
fi=(97)
886 3
fe=(87)
609 2
cfi=(86)
cfn=(432) _IO_switch_to_get_mode
calls=1 183 
* 24
+11 1
-5 1
fi=(97)
959 1
fe=(87)
615 2
fi=(97)
959 1
fe=(87)
616 1
+2 1
fi=(97)
960 1
fe=(87)
617 2
fi=(97)
960 1
fe=(87)
620 4
cfn=(420)
calls=1 1252 
* 11
+2 2
+10 1
-3 1
+3 2
+2 2
+1 11

fl=(93) /usr/src/debug/glibc-2.17-c758a686/misc/../sysdeps/unix/sysv/linux/wordsize-64/mmap.c
fn=(388) mmap
32 4
+1 4
-1 36
+1 12
+1 40
+2 28
-3 8

fl=(66) /usr/src/debug/glibc-2.17-c758a686/ctype/ctype-info.c
fn=(246) __ctype_init
32 5
+2 1
-2 2
+2 3
+2 5

fl=(103) /usr/src/debug/glibc-2.17-c758a686/libio/putc.c
fn=(510) putc
27 115
+3 115
-3 230
+3 1725
+1 345
fi=(97)
885 230
+1 920
fe=(103)
34 345
-3 345
cfi=(86)
cfn=(512) __overflow
calls=115 240 
* 6359
* 230

fl=(94) /usr/src/debug/glibc-2.17-c758a686/libio/iofread.c
fn=(404) fread
35 5
+1 2
-1 2
+4 2
+2 18
+1 4
cfi=(86)
cfn=(406) _IO_sgetn
calls=1 494 
* 1157
fi=(97)
885 1
fe=(94)
42 1
fi=(97)
885 1
+1 9
fe=(94)
44 3
+1 6

fl=(82) /usr/src/debug/glibc-2.17-c758a686/elf/dl-addr.c
fn=(330) _dl_addr
126 9
+5 1
-5 2
+5 2
cob=(1)
cfi=(2)
cfn=(50)
calls=1 917 
* 2
+3 6
+1 4
+1 20
+1 2
30 1
+1 1
-1 1
+4 2
+5 1
+6 1
-7 1
+2 2
+2 1
-2 1
+2 1
+3 1
+5 7
+2 1
+1 2
-1 1010
+1 2020
+2 4961
+6 11170
+2 8936
+1 16325
+7 2234
-2 2234
+2 5479
-21 2022
+49 3
+1 1
+1 3
+3 2
+41 3
cob=(1)
cfi=(2)
cfn=(52)
calls=1 923 
* 2
+3 9
-13 9
-19 1
+1 1
+23 2

fl=(95) /usr/src/debug/glibc-2.17-c758a686/libio/filedoalloc.c
fn=(412) _IO_file_doallocate
96 10
+15 8
fi=(97)
957 6
+2 4
+1 4
fe=(95)
111 6
cfi=(87)
cfn=(414)
calls=2 1270 
* 28
* 4
+2 8
+11 9
-14 1
+18 6
cfi=(93)
cfn=(388)
calls=1 -96 
* 33
* 6
cfi=(93)
cfn=(388)
calls=1 -96 
* 33
* 4
+1 10
cfi=(86)
cfn=(418) _IO_setb
calls=2 400 
* 42
+1 2
+1 13
-13 1
fi=(106) /usr/src/debug/glibc-2.17-c758a686/libio/../sysdeps/unix/sysv/linux/sys/sysmacros.h
-72 6
fe=(95)
+72 1
-2 2
+5 2

fl=(86)
fn=(406)
494 1
fi=(97)
957 2
fe=(86)
494 1
+2 1
fi=(97)
957 1
+2 2
+1 2
fe=(86)
496 1
+1 2
-1 1
cfi=(87)
cfn=(408)
calls=1 1412 
* 1143

fn=(418)
400 10
+1 8
+3 2
+2 8
-3 2
+3 4
+3 8

fn=(426)
331 4
+2 4
+6 5
+3 2
+2 2
+6 2
+7 1
fi=(97)
957 3
+2 2
+1 2
fe=(86)
357 1
+1 1
-1 1
+1 2
-1 1
cfi=(87)
cfn=(428)
calls=1 559 
* 93
-2 3

fn=(350)
100 8
+1 6
+4 1
-2 2
+2 5
+1 10
+2 1
-2 1
+1 1
+1 1
-2 1
+2 1
-2 1
+2 14
+2 1
-2 1
+4 1
+2 1
-3 1
-1 1
+4 7
+2 1
-1 1
+1 8
+1 2
+3 8
-6 7

fn=(346) _IO_old_init
633 1
-16 1
+1 1
+15 1
+5 1
-21 1
+2 1
+1 1
+1 1
+17 1
-16 1
+1 1
+1 1
+1 1
+1 1
+1 1
+2 1
+1 1
+1 1
+1 1
+6 1
+1 4

fn=(410)
415 6
+1 2
-1 2
+1 2
+6 8
-4 6
+1 2
fi=(97)
957 6
+2 4
+1 4
fe=(86)
419 4
cfi=(95)
cfn=(412)
calls=2 96 
* 249
* 4

fn=(512)
240 230
+2 345
+1 1
+1 1
fi=(97)
957 3
+2 2
+1 2
fe=(86)
244 114
fi=(97)
957 342
+2 228
+1 228
fe=(86)
244 115
+1 230
-1 115
cfi=(87)
cfn=(514)
calls=115 831 
* 4403

fn=(344) _IO_no_init
650 9
+1 1
cfn=(346)
calls=1 -18 
* 25
+3 1
-2 1
+2 1
+2 1
+1 1
+1 1
+1 1
+1 1
+1 1
+1 1
+1 1
+1 1
+1 1
+1 1
+1 1
+2 1
+3 1
+1 6

fn=(432)
183 4
+1 3
+3 3
+5 1
-1 2
+1 1
+7 1
-4 1
+2 2
+2 1
+1 1
+1 4

fl=(81) /usr/src/debug/glibc-2.17-c758a686/malloc/arena.c
fn=(328) ptmalloc_init.part.7
383 6
+11 1
-8 1
+8 1
+7 3
+2 5
+16 2
-71 90
+16 45
-18 138
464 2
+5 2
+1 2
+2 1
+1 7
-78 5
cfi=(82)
cfn=(330)
calls=1 126 
* 56499
* 2
+1 4
-47 12
+1 6

fl=(73) /usr/src/debug/glibc-2.17-c758a686/stdlib/cxa_atexit.c
fn=(288) __cxa_atexit
56 6
-22 2
cfn=(290) __new_exitfn
calls=1 +38 
* 39
+2 2
+4 1
+3 1
+1 1
-4 2
+2 1
+4 1
+1 1
+11 4

fn=(290)
72 1
+6 2
-6 3
+6 4
+2 4
-7 2
+9 3
-2 1
+10 1
-10 2
+45 1
+1 1
+3 4
+3 5
-35 2
+14 1
+1 2

fl=(62)
fn=(238)
52 8
+6 6
+17 1
fi=(63) /usr/src/debug/glibc-2.17-c758a686/csu/../sysdeps/unix/sysv/linux/x86_64/init-first.c
-35 2
fe=(62)
+33 1
+1 1
fi=(63)
-34 1
-2 2
fe=(62)
+37 1
fi=(63)
-37 3
+2 1
cfi=(46) /usr/src/debug/glibc-2.17-c758a686/elf/../sysdeps/unix/sysv/linux/dl-vdso.c
cfn=(176) _dl_vdso_vsym
calls=1 -13 
* 7
+1 2
+5 2
-3 2
+1 1
+2 1
cfi=(46)
cfn=(176)
calls=1 -19 
* 7
fe=(62)
+43 1
fi=(63)
-39 1
fe=(62)
+39 2
fi=(63)
-39 2
+1 2
+1 1
fe=(62)
+37 1
cfi=(64) /usr/src/debug/glibc-2.17-c758a686/misc/init-misc.c
cfn=(242) __init_misc
calls=1 -59 
* 58
+8 1
cfi=(66)
cfn=(246)
calls=1 -65 
* 16
+5 6
-35 1
-9 1
+9 4
fi=(63)
-25 2
fe=(62)

fl=(47)
fn=(178)
30 1
+1 1
+1 1
+1 1
+2 1

fl=(50)
fn=(186)
0 15

fl=(65) /usr/src/debug////////glibc-2.17-c758a686/string/../sysdeps/x86_64/strrchr.S
fn=(244) __GI_strrchr
25 1
+1 1
+1 1
+1 1
+1 1
+1 1
+1 1
+1 1
+1 1
+1 1
+1 1
+1 1
+1 1
+1 1
+1 1
+1 1
+1 1
+1 1
+1 1
+1 1
+1 1
+1 1
+1 1
+13 1
+1 1
+1 1
+1 1
+7 1
+1 1
+1 1
+1 1
+1 1
+1 1
+1 1

fl=(88)
fn=(354)
81 2
cfn=(356) __open_nocancel
calls=1 * 
* 5

fn=(522)
81 8
cfn=(524) __write_nocancel
calls=4 * 
* 20

fn=(356)
81 5

fn=(422)
81 4
cfn=(424) __read_nocancel
calls=2 * 
* 10

fn=(524)
81 20

fn=(424)
81 10

fl=(80) /usr/src/debug/glibc-2.17-c758a686/malloc/hooks.c
fn=(476) realloc_hook_ini
37 9
+1 1
fi=(81)
385 1
fe=(80)
39 1
-1 1
fi=(81)
385 2
fe=(80)
39 1
fi=(81)
385 1
fi=(79) /usr/src/debug/glibc-2.17-c758a686/malloc/malloc.c
2966 2
+4 2
+4 2
+5 1
-2 1
+2 1
+2 1
-2 1
+2 2
+3 3
+6 4
+1 2
+7 8
+2 2
fe=(80)
42 9
fi=(79)
2982 1
+44 6
+4 6
cfn=(480) _int_realloc
calls=1 4217 
* 345
* 1
+2 4
+4 4
-66 2
fe=(80)

fn=(326) malloc_hook_ini
30 2
fi=(81)
385 3
fe=(80)
29 3
cfi=(81)
cfn=(328)
calls=1 383 
* 56834
* 1
+4 1
-1 1
cfi=(79)
cfn=(325) malloc'2
calls=1 2888 
* 1220

fl=(84) /usr/src/debug/glibc-2.17-c758a686/misc/sbrk.c
fn=(340) sbrk
34 14
+8 14
-8 42
+8 81
+4 28
+4 52
+3 13
cfi=(85) /usr/src/debug/glibc-2.17-c758a686/misc/../sysdeps/unix/sysv/linux/x86_64/brk.c
cfn=(342) brk
calls=13 -22 
* 169
* 26
+4 70
-14 28
cfi=(85)
cfn=(342)
calls=14 -12 
* 182
* 56

fl=(98)
fn=(434)
61 11
+2 11
+2 11
+3 6
+1 6
+11 6
+1 6
+11 6
+1 6
+11 6
+1 6
+2 6
+1 6
+2 6
+1 6
+5 6
+1 6
+23 6
+8 11
+6 11
+2 11
+1 11
+26 11
+1 11
+3 3
+1 3
+1 3
+5 14
+2 14
+1 14
+1 14
+1 14
+2 14
+1 14
+1 14
+1 14
+2 14
+1 14
+2 14
+2 14
+2 14
+1 14
+1 14
+1 14
+2 14
+1 14
+1 14
+1 14
+2 14
+1 14
+2 20
+5 3
+6 3
+1 3
+19 8
+1 8
+1 8
+5 8
+1 8
+4 8
+1 8
+2 8795
+1 8
+6 8
+1 8
+1 8
+3 5
+6 5
+1 5
+2 5
+13 3
+1 3
+1 3
+3 3
+1 3
+1 3
+1 3
+2 2
+2 2
+2 2
+2 2
+3 2
+1 2
+69 512
+2 512
+1 512
+1 512
+1 512
+1 512
+1 512
+1 512
+1 512
+2 512
+1 512
+2 512
+1 512
+1 512
+1 512
+1 512
+1 512
+1 512
+1 512
+2 512
+1 512
+2 512
+2 512
+2 512
+1 512
+1 512
+1 512
+1 512
+1 512
+1 512
+1 512
+2 512
+1 512
+2 512
+1 512
+1 512
+1 512
+1 512
+1 512
+1 512
+1 512
+2 512
+1 512
+2 512
+3 2
+2 2
+2 2
+2 2
+6 2
+1 2
+1 2
-2 1
+1 1
+1 1
+2 3
+6 3
+1 3

fl=(104) /usr/src/debug////////glibc-2.17-c758a686/misc/../sysdeps/unix/syscall-template.S
fn=(526) mremap
81 5
+1 1

fl=(79)
fn=(386) calloc
3183 863430
+13 2590290
-13 863430
+10 1726860
+3 863430
-13 2590290
+13 863430
+8 1726860
+1 1726860
+10 10361160
+7 863430
+8 863430
-7 1726860
+7 1726860
+15 2590290
cfn=(332) _int_malloc
calls=863430 3351 
* 51297738
+6 863430
-6 863430
+6 863430
+7 3453720
+3 1726860
+6 2590290
+2 4
+44 4547058
-36 863429
-3 863429
+3 1726858
-13 863429
+13 1726858
+10 863429
+1 1726858
+3 1726858
+7 757842
-3 757842
+1 757842
+1 1515684
+1 757842
+3 37703
-2 37703
+1 37703
+1 37703
+3 27659
-2 27659
+1 27659
+1 27659
+1 25836
+1 51672
-29 59751
+15 316761
cfi=(101) /usr/src/debug////////glibc-2.17-c758a686/string/../sysdeps/x86_64/memset.S
cfn=(482) __GI_memset
calls=105587 57 
* 2510185
+21 739109

fn=(496) free
2924 5065808
+1 5065808
+5 5065808
+5 2532904
-2 2532904
+2 5065808
+16 7598712
+1 7598712
cfn=(498) _int_free
calls=2532904 3821 
* 184897476

fn=(480)
4217 90
+21 40
+1 30
+15 20
+1 30
+1 20
+1 20
+6 20
+8 20
+12 10
-1 20
+87 90
-77 30
cfn=(332)
calls=10 3351 
* 1712
+1 10
-1 10
+1 10
+4 10
-1 10
+6 20
+11 10
+1 10
+2 20
+3 20
3834 30
+6 40
+1 20
+13 50
+13 20
+75 20
+19 10
-4 10
+4 20
+6 20
+8 30
+6 20
+1 20
+1 20
1909 30
3992 20
+7 20
+5 20
+4 10
+9 10
-1 10
+2 20
+7 10
-2 10
+1 10
+1 10
+2 7
+1 7
+2 7
+1 7
+2 21
+1 7
+30 21
-34 3
+1 3
+2 9
+1 3
+30 9
+1 2
+3 3
4320 30
cfi=(98)
cfn=(434)
calls=10 61 
* 31295
* 10
4070 6
3969 30
-2 20

fn=(498)
3821 25329040
+13 7598712
+6 10131616
+1 5065808
+13 10131616
+13 5065808
+11 10131600
+1 7598700
1909 2532900
3903 2532900
1909 5065800
3905 7598700
+1 5065800
+1 2532900
+3 2532900
-3 2532900
+9 7598700
-5 7598700
+14 10129292
+2 2532900
+2 15197400
+2 10129292
4096 20263200
3942 8
3832 4
3943 8
+18 4
-4 4
+4 8
+6 8
+8 12
+6 8
+1 8
+1 8
1909 12
3992 8
+7 8
+5 8
+4 4
+9 4
-1 4
+2 8
+7 4
-2 4
+1 4
+1 4
+5 4
+1 4
+2 12
+1 4
+30 8
+20 8
+2 16
+10 32
3952 24
+2 8
+15 12
-2 8

fn=(324) malloc
2888 6834580
+5 3417290
+1 3417290
+3 11960508
+2 5125932
cfn=(332)
calls=1708644 3351 
* 99294939
+3 1708644
-3 1708644
+3 1708644
+6 3417288
+1 6834576
+5 8543220
-17 10251864
+5 3417288
-7 1
+19 3
-19 1
cfi=(80)
cfn=(326)
calls=1 30 
* 58065

fn=(325)
2888 4
+5 2
+1 2
+3 7
+2 3
cfn=(332)
calls=1 3351 
* 1180
+3 1
-3 1
+3 1
+6 2
+1 4
+5 5
-17 6
+5 2

fn=(334) malloc_consolidate
4113 32
+22 8
+1 9
+12 3
5023 3
4138 3
+11 3
-1 3
5021 3
+2 3
-2 12
4151 6
+1 6
-1 54
+1 78
+26 1163
+4 1163
-3 1163
+1 1163
+2 1163
+5 1163
+1 1163
+1 1163
-2 1163
+12 1163
-12 1163
+3 1163
+9 2320
-41 1157
-3 1157
+3 2314
+1 1157
+1 2314
+2 2314
-4 6
-3 6
+3 12
+1 6
+1 12
+2 12

ob=(6)
fl=(90) /h/apantu01/comp40/UM_Hayden/instruction_driver.c
fn=(362) driver
50 5
fi=(107) /usr/include/sys/stat.h
456 1
fe=(90)
50 4
fi=(107)
456 2
cob=(1)
cfi=(70)
cfn=(281)
calls=1 71 
* 1298
* 5
fe=(90)
68 1
+1 4
+2 1
cfi=(92) /h/apantu01/comp40/UM_Hayden/memory.c
cfn=(370) init_segments
calls=1 -30 
* 4017
+3 2
cob=(3)
cfi=(79)
cfn=(324)
calls=1 2888 
* 181
* 1
+1 1
-1 1
+1 1
+1 5
cob=(1)
cfi=(70)
cfn=(281)
calls=1 -5 
* 2476
* 5
+1 2
+6 4
fi=(99) /usr/include/bits/byteswap.h
-36 1
fe=(90)
+37 3
fi=(99)
-37 1
fe=(90)
+37 1
cfi=(92)
cfn=(438) mem_put
calls=1 +13 
* 57
fi=(99)
-37 30109
fe=(90)
+37 90327
fi=(99)
-37 30109
fe=(90)
+37 30109
cfi=(92)
cfn=(438)
calls=30109 +13 
* 1716213
-1 60220
+20 2
+11 100353636
+2 76693810
+2 56927534
+2 53119102
+2 52985204
+2 52774226
+2 47497128
+2 47497128
+2 45770272
+2 44079848
+2 44079618
+2 44079618
+2 39747862
+4 48184252
-36 96368504
+1 155515992
cfi=(92)
cfn=(446) mem_get
calls=51838664 +4 
* 2695610518
+2 103677326
cfi=(100) /h/apantu01/comp40/UM_Hayden/decode.c
cfn=(448) unpack
calls=51838663 +20 
* 749922884
+1 51838663
cfi=(100)
cfn=(450) get_opcode
calls=51838663 -38 
* 103677326
+2 51838663
-2 51838663
+2 51838663
+46 1661845
cfi=(100)
cfn=(458) get_regc
calls=1661845 -49 
* 3323690
* 1661845
+1 4985535
+1 1488533
cfi=(100)
cfn=(456) get_regb
calls=1488533 -63 
* 2977066
* 1488533
-18 1488533
+18 1488533
+1 1488533
cfi=(100)
cfn=(452) get_rega
calls=1488533 -77 
* 2977066
-55 1488533
+55 2977066
-55 1488533
+71 11829913
cfi=(100)
cfn=(456)
calls=11829913 -80 
* 23659826
* 23659826
+1 11829913
cfi=(100)
cfn=(458)
calls=11829913 -69 
* 23659826
* 11829913
+1 35489739
cfi=(92)
cfn=(446)
calls=11829913 -68 
* 615155476
* 11829913
+1 11829913
cfi=(100)
cfn=(452)
calls=11829913 -96 
* 23659826
* 35489739
+15 9883138
cfi=(100)
cfn=(452)
calls=9883138 84 
* 19766276
* 19766276
+1 9883138
cfi=(100)
cfn=(456)
calls=9883138 -99 
* 19766276
* 19766276
+1 9883138
cfi=(100)
cfn=(458)
calls=9883138 -88 
* 19766276
* 9883138
+1 39532552
cfi=(92)
cfn=(438)
calls=9883138 97 
* 563338866
* 9883138
+13 1904216
cfi=(100)
cfn=(456)
calls=1904216 97 
* 3808432
* 3808432
+1 1904216
cfi=(100)
cfn=(458)
calls=1904216 109 
* 3808432
* 3808432
+1 1904216
cfi=(100)
cfn=(452)
calls=1904216 84 
* 3808432
* 7616864
+13 66949
cfi=(100)
cfn=(456)
calls=66949 97 
* 133898
* 133898
+1 66949
cfi=(100)
cfn=(458)
calls=66949 109 
* 133898
* 133898
+1 66949
cfi=(100)
cfn=(452)
calls=66949 84 
* 133898
* 267796
+13 105489
cfi=(100)
cfn=(456)
calls=105489 97 
* 210978
* 210978
+1 105489
cfi=(100)
cfn=(458)
calls=105489 109 
* 210978
* 210978
+1 105489
cfi=(100)
cfn=(452)
calls=105489 84 
* 210978
* 632934
+14 2638549
cfi=(100)
cfn=(456)
calls=2638549 97 
* 5277098
* 5277098
+1 2638549
cfi=(100)
cfn=(458)
calls=2638549 109 
* 5277098
* 5277098
+1 2638549
cfi=(100)
cfn=(452)
calls=2638549 84 
* 5277098
* 13192745
+29 863428
cfi=(100)
cfn=(458)
calls=863428 109 
* 1726856
* 863428
+1 1726856
cfi=(92)
cfn=(460) map_segment
calls=863428 61 
* 570917562
* 863428
+1 863428
cfi=(100)
cfn=(456)
calls=863428 97 
* 1726856
* 2590284
+15 845212
cfi=(100)
cfn=(458)
calls=845212 109 
* 1690424
* 845212
+1 1690424
cfi=(92)
cfn=(484) unmap_segment
calls=845212 157 
* 325407693
* 845212
+14 115
cfi=(100)
cfn=(458)
calls=115 109 
* 230
* 230
+1 230
fi=(102) /usr/include/bits/stdio.h
81 230
cob=(3)
cfi=(103)
cfn=(510)
calls=114 -54 
* 10684
cob=(1)
cfi=(70)
cfn=(281)
calls=1 -10 
* 1636
* 119
* 115
fe=(90)
360 2165878
cfi=(100)
cfn=(456)
calls=2165878 97 
* 4331756
* 4331756
+1 2165878
cfi=(100)
cfn=(458)
calls=2165878 109 
* 4331756
+2 4331756
-2 2165878
+3 4331756
+16 19873931
cfi=(100)
cfn=(452)
calls=19873931 84 
* 39747862
* 39747862
cfi=(100)
cfn=(454) get_val
calls=19873931 122 
* 39747862
* 39747862

fl=(69)
fn=(390) UArrayRep_init
0 25902900

fn=(440) Seq_get
0 1692381975

fn=(466) UArray_resize
0 220
cfn=(468) Mem_resize
calls=11 0 
0 36616
0 66

fn=(468)
0 176
cob=(3)
cfi=(79)
cfn=(474) realloc
calls=10 2958 
0 34730
cob=(1)
cfi=(70)
cfn=(281)
calls=1 71 
0 1607
0 15
0 88

fn=(500) Stack_push
0 9297332
cfn=(374) Mem_alloc
calls=845212 0 
0 98044592
0 7606908

fn=(272)
0 11
cob=(1)
cfi=(70)
cfn=(280)
calls=1 71 
0 7693478847
0 5

fn=(392) Seq_seq
0 11
cfn=(394) Seq_new
calls=1 0 
0 506
0 18
cfn=(396) Seq_addhi
calls=1 0 
0 25
0 7

fn=(398) Stack_new
0 5
cfn=(374)
calls=1 0 
0 207
0 4

fn=(502) Stack_pop
0 13479680
cfn=(490) Mem_free
calls=842480 0 
0 78346332
0 2527440

fn=(374)
0 18795073
cob=(3)
cfi=(79)
cfn=(324)
calls=1708642 2888 
0 167640330
cob=(1)
cfi=(70)
cfn=(281)
calls=1 71 
0 1452
0 1708647
0 11960501

fn=(292) __libc_csu_init
0 16
cob=(2)
cfi=(16)
cfn=(294) 0x0000000000400998
calls=1 0 
0 6
0 7
cfn=(298) 0x0000000000400c60
calls=1 0 
0 17
0 11

fn=(372) UArray_new
0 8634290
cfn=(374)
calls=863429 0 
0 102061006
0 6907432
cfn=(380) Mem_calloc
calls=863429 0 
0 138612701
0 4317145
cfn=(390)
calls=863429 0 
0 25902870
0 5180574

fn=(380)
0 13814880
cob=(3)
cfi=(79)
cfn=(386)
calls=863429 3183 
0 117025538
cob=(1)
cfi=(70)
cfn=(281)
calls=1 71 
0 1658
0 863434
0 6907440

fn=(396)
0 523747
cfn=(464) expand
calls=11 0 
0 37056
0 33

fn=(442) UArray_at
0 1417899719

fn=(464)
0 77
cfn=(466)
calls=11 0 
0 36902
0 33

ob=(3)
fl=(79)
fn=(334)
4163 12
+2 12
-1 12
+2 168
+3 2326
+3 2326
+4 2326
+26 120
+6 25
-73 3
1829 1
+2 3
-2 128
+2 378
-2 252
+6 3
+5 1
+2 1
-2 1
4208 8
1839 3

fn=(474)
2958 99
+7 22
+1 22
+4 20
+4 20
+5 10
-2 10
+2 10
+2 10
-2 10
+2 20
+3 27
+6 40
+1 20
+7 80
+2 20
2848 1
+1 1
-1 1
+12 1
-12 1
+9 5
+3 2
+3 10
cfi=(104)
cfn=(526)
calls=1 81 
* 6
+3 4
+9 1
-2 1
-5 1
+5 2
+2 1
+1 1
-3 1
+4 1
-1 1
+1 1
3006 1
+43 90
-67 11
+44 54
+4 54
cfn=(480)
calls=9 4217 
* 33947
* 9
+2 36
+4 36
2878 2
+92 20
-3 1
+82 7
-82 1
cfi=(80)
cfn=(476)
calls=1 37 
* 427

fn=(332)
3351 2572085
-30 2572085
+30 2572085
-30 2572085
+30 2572085
-30 2572085
+30 7716255
-30 15432510
+30 5144170
+4 5144170
+14 5144170
+1 7716147
+1 2572049
+1 2572049
-1 5144098
+5 5144098
+3 12642970
+1 2528594
-1 2528594
+1 5057188
+26 86982
+1 86962
+1 86962
+2 130443
+1 132
+3 65
+1 130
+5 65
+1 65
+1 65
+2 195
1902 2529836
3753 2529836
1902 5059672
3755 2529836
+58 20576680
3446 74
+1 20
+1 4
cfn=(334)
calls=1 4113 
* 178
* 2
3798 1
5023 2
3798 3
+2 25
5021 1
+2 1
-2 3
3467 2
3798 43425
5023 86850
3798 130275
+2 1085625
5021 43425
+2 43425
-2 130275
3467 86854
+67 3705
+1 7410
+1 2470
+45 1235
+7 1235
-6 1235
+1 1235
+1 1235
+1 1235
+3 1235
-52 7
+45 7
+7 7
-6 7
+1 7
+1 7
+1 7
+3 7
3467 134010
+2 5529
-1 5529
+1 11058
+1 11058
+7 5529
+10 22112
+34 1862
-5 1862
+1 1862
+4 1862
+12 2484
+6 44
+1 2
+1 2
+3 4
-5 34
+1 2
+1 2
+3 4
-5 15
+1 3
+1 3
+3 6
+34 28
-39 18
-50 4378
-1 8756
+2 4364
-1 8728
+4 3667
+1 7334
+4 7334
-3 7334
+1 7334
+1 7334
+1 3667
+2 3441
+1 3441
+3 24087
+2 6882
-2 3441
+2 3441
+4 3441
1902 3441
3507 3441
1902 6882
3504 1582
+2 452
-2 226
+2 226
+4 226
1902 226
3507 226
1902 83710
3539 7
+58 78282
+70 39141
+1 39141
+1 39141
-1 39141
+1 39141
+1 78282
+1 78282
+5 156704
+2 113946
+2 151876
-2 113895
+2 151844
-2 75914
+2 113859
+95 37964
+3 37964
-2 75928
+2 75928
+16 34
+1 4
cfn=(334)
calls=2 4113 
* 34107
+2 2
+1 2
-1 2
3688 959
+1 959
-2 4342
+7 1212
+3 2424
+1 35
+1 35
+1 35
-2 140
+59 35
3523 620
-1 1240
+1 1240
1902 620
3526 620
1902 1240
3528 1240
3382 12642970
3598 20
+3 30
3446 58
3680 32
+2 8
+1 16
-1 10
+1 20
3446 4
3704 3531
+8 1177
-3 2354
+3 14145
+3 2354
+2 480
-1 480
+1 1440
-37 30
+48 697
-5 697
+6 1394
+11 697
-6 697
+1 697
+1 697
+1 697
+3 697
+1 697
+1 1394
+2 6
+1 6
+2 42
+2 12
-2 6
+2 6
+1 12
-3 4837
+2 1382
-2 691
+2 691
+1 1382
3412 4
cfn=(334)
calls=1 4113 
* 793
* 3
+34 7
3807 60
cfn=(336) sysmalloc
calls=15 2280 
* 2427
+1 15
-1 15
+1 15
1902 60
3782 37947
-3 37947
+1 75894
+2 37947
-1 37947
+1 75894
+2 37947
-2 113841
+5 37947
-5 37947
+2 37947
1902 113841
3712 84

fn=(336)
2280 135
+21 15
+11 15
-11 30
+11 15
+1 43
+79 13
+20 13
-19 26
+19 26
2718 26
+6 13
+3 13
-3 13
+3 26
+1 13
+3 39
-2 13
+2 26
+1 13
-1 13
-1 13
+1 13
+1 13
+2 13
+6 104
-6 2
+6 16
-21 26
2314 6
+14 8
+6 4
2463 26
+19 26
-19 65
+19 26
+8 13
-8 13
+8 13
2336 16
cfi=(93)
cfn=(388)
calls=2 32 
* 66
+2 6
+34 2
-5 6
+5 8
+3 2
+1 2
-1 2
+1 2
+1 4
2491 78
cfi=(83) /usr/src/debug/glibc-2.17-c758a686/malloc/morecore.c
cfn=(338) __default_morecore
calls=13 47 
* 842
+1 13
-1 13
+1 13
+3 52
+2 26
+1 26
+18 26
+25 26
+2 26
2394 13
2549 13
-6 13
+6 37
+1 60
+2 6
+42 3
+19 1
+3 2
+1 4
+3 1
-3 1
+3 2
cfi=(83)
cfn=(338)
calls=1 47 
* 45
+12 3
+5 2
+1 4
+35 1
+1 1
-2 1
+1 2
+12 1
-12 1
+1 2
+11 1
2373 4
2542 5
+10 2

fl=(75) /usr/src/debug////////glibc-2.17-c758a686/setjmp/../sysdeps/x86_64/setjmp.S
fn=(308) __sigsetjmp
26 1
+9 1
+1 2
+1 1
+4 1
+1 1
+1 1
+1 1
+1 1
+2 2
+2 1
+1 1
+1 1
+2 2
+2 1
+9 1
cfi=(76) /usr/src/debug/glibc-2.17-c758a686/setjmp/sigjmp.c
cfn=(310) __sigjmp_save
calls=1 -35 
* 9

fl=(46)
fn=(176)
27 4
-1 4
+1 4
+4 8
-3 8

fl=(101)
fn=(482)
57 105587
+1 105587
+1 105587
+1 105587
+1 105587
+2 105587
+1 105587
+8 82200
+10 105587
+1 105587
+1 105587
+1 105587
+1 105587
+1 105587
+1 105587
+1 105587
+1 105587
+1 105587
+1 105587
+1 105587
+1 105587
+1 128974
+3 23387
+1 23387
+1 23387
+1 23387
+1 23387
+1 23387
+1 23387
-6 25
+1 25
+1 25
+1 25
+1 25
+1 25
+1 25
+1 23387

fl=(96)
fn=(416)
36 2
-1 2
+1 2
+1 12
+4 2

fl=(76)
fn=(310)
29 2
-1 2
+1 2
+5 3

fl=(49)
fn=(184)
30 1
+1 1
+3 2
-3 4
+3 1
cfi=(46)
cfn=(176)
calls=1 -7 
* 7
+1 3
+1 3

fl=(89)
fn=(358)
53 8
+10 3
+2 2
+1 1
+23 8
-26 1
-5 2

fl=(78) /usr/src/debug/glibc-2.17-c758a686/libio/iofopen.c
fn=(360) __fopen_maybe_mmap
42 1
-2 1
+2 1
+15 1

fn=(320) __fopen_internal
65 6
+8 1
-8 2
+8 1
cob=(2)
cfi=(16)
cfn=(322) 0x0000000004f478c0
calls=1 -73 
* 58079
+2 1
-2 1
+2 1
+3 1
+3 5
-3 1
+3 1
cfi=(86)
cfn=(344)
calls=1 650 
* 58
+4 1
+1 1
-1 1
+1 1
cfi=(87)
cfn=(348)
calls=1 +58 
* 95
+4 5
cfi=(87)
cfn=(352)
calls=1 268 
* 113
* 1
+1 1
-1 1
+6 5
-5 1
cfn=(360)
calls=1 -49 
* 4

fn=(318) fopen@@GLIBC_2.2.5
103 2
cfn=(320)
calls=1 -38 
* 58388

fl=(72) /usr/src/debug/glibc-2.17-c758a686/csu/../csu/libc-start.c
fn=(286) (below main)
134 7
+10 1
-10 3
+10 7
+62 1
-62 1
+62 1
+1 4
cfi=(73)
cfn=(288)
calls=1 56 
* 61
+22 6
+3 2
+1 5
cob=(6)
cfi=(69)
cfn=(292)
calls=1 0 
* 57
+4 4
+15 2
+9 2
cfi=(74) /usr/src/debug////////glibc-2.17-c758a686/setjmp/../sysdeps/x86_64/bsd-_setjmp.S
cfn=(306) _setjmp
calls=1 33 
* 30
+1 2
+5 2
+1 2
+3 2
+3 6
cob=(6)
cfi=(77) /h/apantu01/comp40/UM_Hayden/um.c
cfn=(312) main
calls=1 12 
* 7693477068

fl=(67)
fn=(248)
478 2
+12 1
-12 1
+12 1
-12 1
+12 1
-12 1
+12 1
648 2
+2 1
+1 1
+2 1
-3 1
+5 1
-5 1
+4 3
+4 2
+2 1
+1 1
+2 1
+4 1
-7 1
+5 1
-5 1
+4 1
+3 2
-3 1
+3 1
-3 1
+3 2
492 2
cfn=(250) handle_intel.isra.0
calls=1 262 
* 843
+4 1
-4 1
+4 1
cfn=(250)
calls=1 262 
* 884
+2 1
-2 1
-1 1
+3 1
+9 3
+2 1
+1 1
+2 1
+5 2
+9 16
-9 12
+6 3
-6 3
+6 3
-6 3
+6 1
-6 1
+6 1
+69 4
+1 6
-65 1
+32 1
-26 5
+7 2
+4 4
+2 4
-6 4
+4 1
-2 1
+2 1
-4 3
+4 1
-2 1
+2 1
+15 1
+1 4
-9 1
+2 2
+1 1
-1 2
+1 1
+1 1

fn=(250)
262 4
+12 2
-12 12
+9 2
+1 4
-3 6
+23 10
cfn=(252) intel_check_word
calls=2 132 
* 1444
+1 4
+3 10
cfn=(252)
calls=2 132 
* 189
+1 4
-17 4
+5 2
-5 4
+5 2
+2 2
+1 2
-1 4
+27 16

fn=(252)
132 32
+1 12
+6 32
+2 4
-2 4
+2 4
+88 8
-76 20
+53 16
+23 40
-1 8
+1 8
cfi=(68) /usr/src/debug/glibc-2.17-c758a686/stdlib/bsearch.c
cfn=(254) bsearch
calls=8 26 
* 1226
+2 16

ob=(6)
fl=(69)
fn=(464)
0 44

fn=(462) Stack_empty
0 7770852

fn=(486) Seq_put
0 47255376

fn=(488) UArray_free
0 9297332
cfn=(490)
calls=845212 0 
0 78605789
0 4226060
cfn=(490)
calls=845212 0 
0 78604716
0 2535636

fn=(298)
0 17

fn=(394)
0 11
cfn=(380)
calls=1 0 
0 249
0 8
cfn=(374)
calls=1 0 
0 198
0 5
cfn=(390)
calls=1 0 
0 30

ob=(3)
fl=(67)
fn=(252)
253 8
141 16
+2 10
+2 20
-10 2
258 32
-93 10
+5 10
-5 14
+9 2
+2 4
+8 2
+4 2
-2 4
+13 3
-34 15
+5 6
+4 8
+7 9
+9 2
-2 2
+3 2
-1 2
-2 2
+1 2
+1 2
-1 6
+1 2
-2 4

fn=(256) intel_02_known_compare
121 162
+3 162

fl=(83)
fn=(338)
47 14
+1 14
cfi=(84)
cfn=(340)
calls=14 -14 
* 775
+2 42
+2 42

fl=(85)
fn=(342)
31 27
-3 27
+3 189
+8 27
-6 54
+7 27

fl=(64)
fn=(242)
30 4
+1 5
+2 3
cfi=(65)
cfn=(244)
calls=1 -8 
* 34
+4 5
+1 3
+2 4

fl=(91) /usr/src/debug/glibc-2.17-c758a686/io/../sysdeps/unix/sysv/linux/wordsize-64/xstat.c
fn=(368) _xstat
36 1
-1 1
+1 1
+1 6
+4 1

fl=(45)
fn=(174)
36 1
+1 1
+3 2
-3 4
+3 1
cfi=(46)
cfn=(176)
calls=1 -13 
* 7
* 3
+1 3

fl=(74)
fn=(306)
33 1
+2 1
cfi=(75)
cfn=(308)
calls=1 -9 
* 28

fl=(68)
fn=(254)
26 8
+5 8
-5 72
+7 8
-7 16
+7 8
+7 8

ob=(6)
fl=(69)
fn=(394)
0 5

fn=(490)
0 7598712
cob=(3)
cfi=(79)
cfn=(496)
calls=2532903 2924 
0 225423855
cob=(1)
cfi=(70)
cfn=(281)
calls=1 71 
0 1362
0 2532908

fl=(100)
fn=(456)
97 61892186

fn=(448)
129 103677326
-77 51838663
-2 51838663
+3 51838663
-1 51838663
+4 95894196
+1 31964732
+1 31964732
-1 31964732
+1 31964732
-1 95894196
-4 19873931
+1 19873931
-1 19873931
+1 19873931
-1 39747862

fn=(458)
109 63929464

fn=(452)
84 95581436

fn=(450)
72 103677326

fn=(454)
122 39747862

fl=(92)
fn=(438)
97 29739744
+1 9913248
-1 19826496
+1 19826496
cfi=(69)
cfn=(440)
calls=9913248 -98 
* 228004704
+1 29739744
cfi=(69)
cfn=(442)
calls=9913248 -99 
* 178438464
* 9913248
+1 39652992

fn=(484)
157 845212
+1 845212
-1 845212
+1 845212
-1 845212
+1 1690424
cfi=(69)
cfn=(486)
calls=845212 0 
* 23665936
+1 845212
-1 845212
+1 845212
cfi=(69)
cfn=(488)
calls=845212 0 
* 173269533
+1 2535636
cfi=(69)
cfn=(500)
calls=845212 0 
* 114948832
+1 2535636

fn=(446)
111 127337154
+1 191005731
cfi=(69)
cfn=(440)
calls=63668577 0 
* 1464377271
+1 191005731
cfi=(69)
cfn=(442)
calls=63668577 0 
* 1146034379
+1 63668576
-1 63668576
+1 63668576

fn=(460)
61 1726856
+4 863428
-4 2590284
+4 863428
cfi=(69)
cfn=(372)
calls=863428 -65 
* 291612797
+2 863428
-2 863428
+2 1726856
+1 1726856
-1 863428
+1 863428
cfi=(69)
cfn=(442)
calls=863428 -68 
* 15541704
* 8653908
-1 4326954
+1 4326954
cfi=(69)
cfn=(442)
calls=4326954 -68 
* 77885172
-1 5190382
+2 5190382
-2 5190382
+5 1726856
cfi=(69)
cfn=(462)
calls=863428 -72 
* 7770852
* 1726856
+9 1684960
cfi=(69)
cfn=(502)
calls=842480 -81 
* 94353452
+1 842480
-1 842480
+1 2527440
cfi=(69)
cfn=(486)
calls=842480 -82 
* 23589440
+1 842480
+2 3369920
-12 62844
cfi=(69)
cfn=(396)
calls=20948 -73 
* 560811
+1 20948
+11 41896
-10 20948
+10 20948
-10 20948
+10 20948

fn=(370)
41 1
+1 2
cfi=(69)
cfn=(372)
calls=1 -42 
* 3221
+2 4
cfi=(69)
cfn=(392)
calls=1 -44 
* 567
+1 1
-1 1
+2 1
cfi=(69)
cfn=(398)
calls=1 -46 
* 216
* 1
+1 2

fl=(77)
fn=(312)
12 3
+1 2
+5 4
cob=(1)
cfi=(70)
cfn=(281)
calls=1 +53 
* 59621
* 5

ob=(3)
fl=(68)
fn=(254)
41 8
-8 16
+2 54
+2 54
-2 54
+1 162
+1 108
cfi=(67)
cfn=(256)
calls=54 +84 
* 324
+1 108
+1 46
-6 92
+14 8
-1 8
+1 56

fl=(44)
fn=(180)
120 1
+2 1
+1 1
+1 1
+9 1

fn=(172)
100 1
+2 1
+1 1
+1 1
+9 1

fl=(48)
fn=(182)
27 1
+1 1
+1 1
+1 1
+1 1
+2 1
+1 1

ob=(6)
fl=(77)
fn=(312)
19 1
-1 1
+1 1

ob=(3)
fl=(48)
fn=(182)
39 1

ob=(6)
fl=(77)
fn=(312)
20 3
cfi=(90)
cfn=(362)
calls=1 +30 
* 7693417427

ob=(4)
fl=(59)
fn=(206)
25 1
+1 1
+1 1
+1 1
+2 1

fl=(52)
fn=(192)
20 8

fl=(58)
fn=(204)
25 1
+1 1
+1 1
+1 1
+2 1

fl=(51)
fn=(190)
15 8

fl=(56)
fn=(200)
25 1
+1 1
+1 1
+1 1
+2 1

fl=(55)
fn=(262)
0 16

fn=(210)
0 8

fn=(198)
0 8

fn=(212)
0 8

fl=(53)
fn=(194)
25 1
+1 1
+1 1
+1 1
+2 1

fl=(57)
fn=(202)
10 5

fn=(208)
16 5

fl=(54)
fn=(196)
8 5

ob=(5)
fl=(61)
fn=(230)
0 17

ob=(2)
fl=(16)
fn=(258)
0 6

fn=(294)
0 6

fn=(322)
0 1
cob=(3)
cfi=(79)
cfn=(324)
calls=1 2888 
0 58078

fn=(226)
0 6

totals: 7693642846
