version: 1
creator: callgrind-3.11.0
pid: 16142
cmd:  ./um midmark.um
part: 1


desc: I1 cache: 
desc: D1 cache: 
desc: LL cache: 

desc: Timerange: Basic block 0 - 1255907013
desc: Trigger: Program termination

positions: line
events: Ir
summary: 4935663522


ob=(3) /usr/lib64/libc-2.17.so
fl=(87) /usr/src/debug/glibc-2.17-c758a686/libio/fileops.c
fn=(420) _IO_file_stat
1270 2
+1 6
cfi=(97) /usr/src/debug/glibc-2.17-c758a686/io/../sysdeps/unix/sysv/linux/wordsize-64/fxstat.c
cfn=(422) _fxstat
calls=2 36 
* 20

fn=(550) _IO_do_write@@GLIBC_2.2.5
516 3
+2 6
-2 15
+2 3
+12 12
+7 12
+8 3
fi=(98) /usr/src/debug/glibc-2.17-c758a686/libio/libioP.h
959 6
+1 6
fe=(87)
545 12
cfn=(552) _IO_file_write@@GLIBC_2.2.5
calls=3 1302 
* 129
* 3
+1 9
+6 3
-4 3
+4 3
-4 9
+1 6
+3 3
-2 3
-32 6
+1 9
-1 3
+1 3
-1 3
+1 6
+32 6
-4 12

fn=(352) _IO_file_fopen@@GLIBC_2.2.5
268 1
+12 1
-12 8
+11 3
+2 4
438 8
289 2
-20 1
+37 12
+41 1
233 1
+1 2
-1 1
+4 1
cfi=(88) /usr/src/debug////////glibc-2.17-c758a686/io/../sysdeps/unix/syscall-template.S
cfn=(354) open
calls=1 81 
* 7
* 1
+4 2
+3 1
-1 1
+1 2
+3 2
-3 1
+3 1
+10 2
cfi=(86) /usr/src/debug/glibc-2.17-c758a686/libio/genops.c
cfn=(350) _IO_link_in
calls=1 100 
* 11
367 3
cfi=(89) /usr/src/debug/glibc-2.17-c758a686/string/../string/strstr.c
cfn=(358) __GI_strstr
calls=1 53 
* 25
* 1
+1 3
-83 1
-1 1
-15 2

fn=(434) _IO_file_underflow@@GLIBC_2.2.5
559 8
+8 3
+6 3
+3 2
+13 2
fi=(98)
886 3
fe=(87)
609 2
cfi=(86)
cfn=(438) _IO_switch_to_get_mode
calls=1 183 
* 24
+11 1
-5 1
fi=(98)
959 1
fe=(87)
615 2
fi=(98)
959 1
fe=(87)
616 1
+2 1
fi=(98)
960 1
fe=(87)
617 2
fi=(98)
960 1
fe=(87)
620 4
cfn=(426) _IO_file_read
calls=1 1252 
* 11
+2 2
+10 1
-3 1
+3 2
+2 2
+1 11

fn=(552)
1302 21
+2 15
+11 3
+1 3
-12 6
+5 3
-1 9
+1 6
cfi=(88)
cfn=(554) write
calls=3 81 
* 21
+1 6
+9 9
+3 27

fn=(414) _IO_file_xsgetn
1412 9
+7 1
-7 1
+7 1
+11 1
fi=(98)
957 3
fe=(87)
1430 4
+2 3
+1 2
-1 6
+1 4
+8 4
+13 4
+9 6
+1 8
+18 1
-8 3
+1 3
+7 1
+1 6
+3 1
fi=(98)
959 2
+1 2
fe=(87)
1486 3
cfn=(426)
calls=1 1252 
* 11
+1 2
+12 1
-2 1
+1 1
+1 2
-69 4
+6 1
+68 1
+1 3
-1 1
+1 5
-70 3
cfi=(99) /usr/src/debug////////glibc-2.17-c758a686/string/../sysdeps/x86_64/memcpy.S
cfn=(440) __GI_memcpy
calls=1 61 
* 744
+1 2
+30 2
cfi=(86)
cfn=(432) __underflow
calls=1 331 
* 129
* 2
-44 3
+5 2
cfi=(86)
cfn=(416) _IO_doallocbuf
calls=1 415 
* 143
* 1

fn=(546) _IO_file_overflow@@GLIBC_2.2.5
831 368
+1 276
+7 640
+35 184
+3 184
+3 276
+1 276
+1 368
+4 92
+1 368
-45 2
+12 2
+9 4
+8 1
-4 1
+3 2
-2 2
-3 1
+1 2
+5 1
-1 1
+1 3
+1 2
+12 6
-1 3
+1 3
-1 3
cfn=(550)
calls=3 516 
* 297
* 6
-39 2
cfi=(86)
cfn=(416)
calls=1 415 
* 156
+1 6

fn=(348) _IO_new_file_init_internal
144 1
+4 1
-4 3
+5 1
-1 1
+3 1
cfi=(86)
cfn=(350)
calls=1 -51 
* 82
+1 1
+1 4

fn=(426)
1252 8
cfi=(88)
cfn=(428) read
calls=2 81 
* 14

fl=(48) /usr/src/debug////////glibc-2.17-c758a686/string/../sysdeps/x86_64/multiarch/memset.S
fn=(182) memset
27 1
+1 1
+1 1
+1 1
+1 1
+2 1
+1 1
+5 1

fl=(102) /usr/src/debug////////glibc-2.17-c758a686/string/../sysdeps/x86_64/memset.S
fn=(508) __GI_memset
57 43818
+1 43818
+1 43818
+1 43818
+1 43818
+2 43818
+1 43818
+8 32388
+10 43818
+1 43818
+1 43818
+1 43818
+1 43818
+1 43818
+1 43818
+1 43818
+1 43818
+1 43818
+1 43818
+1 43818
+1 43818
+1 55248
+3 11430
+1 11430
+1 11430
+1 11430
+1 11430
+1 11430
+1 11430
-6 19
+1 19
+1 19
+1 19
+1 19
+1 19
+1 19
+1 11430

fl=(82) /usr/src/debug/glibc-2.17-c758a686/elf/dl-addr.c
fn=(330) _dl_addr
126 9
+5 1
-5 2
+5 2
cob=(1) /usr/lib64/ld-2.17.so
cfi=(2) /usr/src/debug/glibc-2.17-c758a686/elf/rtld.c
cfn=(50) rtld_lock_default_lock_recursive
calls=1 917 
* 2
+3 6
+1 4
+1 20
+1 2
30 1
+1 1
-1 1
+4 2
+5 1
+6 1
-7 1
+2 2
+2 1
-2 1
+2 1
+3 1
+5 7
+2 1
+1 2
-1 1010
+1 2020
+2 4961
+6 11170
+2 8936
+1 16325
+7 2234
-2 2234
+2 5479
-21 2022
+49 3
+1 1
+1 3
+3 2
+41 3
cob=(1)
cfi=(2)
cfn=(52) rtld_lock_default_unlock_recursive
calls=1 923 
* 2
+3 9
-13 9
-19 1
+1 1
+23 2

fl=(66) /usr/src/debug/glibc-2.17-c758a686/ctype/ctype-info.c
fn=(246) __ctype_init
32 5
+2 1
-2 2
+2 3
+2 5

fl=(86)
fn=(416)
415 6
+1 2
-1 2
+1 2
+6 8
-4 6
+1 2
fi=(98)
957 6
+2 4
+1 4
fe=(86)
419 4
cfi=(96) /usr/src/debug/glibc-2.17-c758a686/libio/filedoalloc.c
cfn=(418) _IO_file_doallocate
calls=2 96 
* 249
* 4

fn=(438)
183 4
+1 3
+3 3
+5 1
-1 2
+1 1
+7 1
-4 1
+2 2
+2 1
+1 1
+1 4

fn=(350)
100 8
+1 6
+4 1
-2 2
+2 5
+1 10
+2 1
-2 1
+1 1
+1 1
-2 1
+2 1
-2 1
+2 14
+2 1
-2 1
+4 1
+2 1
-3 1
-1 1
+4 7
+2 1
-1 1
+1 8
+1 2
+3 8
-6 7

fn=(544) __overflow
240 184
+2 276
+1 1
+1 1
fi=(98)
957 3
+2 2
+1 2
fe=(86)
244 91
fi=(98)
957 273
+2 182
+1 182
fe=(86)
244 92
+1 184
-1 92
cfi=(87)
cfn=(546)
calls=92 831 
* 3538

fn=(346) _IO_old_init
633 1
-16 1
+1 1
+15 1
+5 1
-21 1
+2 1
+1 1
+1 1
+17 1
-16 1
+1 1
+1 1
+1 1
+1 1
+1 1
+2 1
+1 1
+1 1
+1 1
+6 1
+1 4

fn=(344) _IO_no_init
650 9
+1 1
cfn=(346)
calls=1 -18 
* 25
+3 1
-2 1
+2 1
+2 1
+1 1
+1 1
+1 1
+1 1
+1 1
+1 1
+1 1
+1 1
+1 1
+1 1
+1 1
+2 1
+3 1
+1 6

fn=(412) _IO_sgetn
494 1
fi=(98)
957 2
fe=(86)
494 1
+2 1
fi=(98)
957 1
+2 2
+1 2
fe=(86)
496 1
+1 2
-1 1
cfi=(87)
cfn=(414)
calls=1 1412 
* 1143

fn=(424) _IO_setb
400 10
+1 8
+3 2
+2 8
-3 2
+3 4
+3 8

fn=(432)
331 4
+2 4
+6 5
+3 2
+2 2
+6 2
+7 1
fi=(98)
957 3
+2 2
+1 2
fe=(86)
357 1
+1 1
-1 1
+1 2
-1 1
cfi=(87)
cfn=(434)
calls=1 559 
* 93
-2 3

fl=(81) /usr/src/debug/glibc-2.17-c758a686/malloc/arena.c
fn=(328) ptmalloc_init.part.7
383 6
+11 1
-8 1
+8 1
+7 3
+2 5
+16 2
-71 90
+16 45
-18 138
464 2
+5 2
+1 2
+2 1
+1 7
-78 5
cfi=(82)
cfn=(330)
calls=1 126 
* 56499
* 2
+1 4
-47 12
+1 6

fl=(73) /usr/src/debug/glibc-2.17-c758a686/stdlib/cxa_atexit.c
fn=(288) __cxa_atexit
56 6
-22 2
cfn=(290) __new_exitfn
calls=1 +38 
* 39
+2 2
+4 1
+3 1
+1 1
-4 2
+2 1
+4 1
+1 1
+11 4

fn=(290)
72 1
+6 2
-6 3
+6 4
+2 4
-7 2
+9 3
-2 1
+10 1
-10 2
+45 1
+1 1
+3 4
+3 5
-35 2
+14 1
+1 2

fl=(94) /usr/src/debug/glibc-2.17-c758a686/misc/../sysdeps/unix/sysv/linux/wordsize-64/mmap.c
fn=(396) mmap
32 4
+1 4
-1 36
+1 12
+1 40
+2 28
-3 8

fl=(99)
fn=(440)
61 11
+2 11
+2 11
+3 6
+1 6
+11 6
+1 6
+11 6
+1 6
+11 6
+1 6
+2 6
+1 6
+2 6
+1 6
+5 6
+1 6
+23 6
+8 11
+6 11
+2 11
+1 11
+26 11
+1 11
+3 3
+1 3
+1 3
+5 14
+2 14
+1 14
+1 14
+1 14
+2 14
+1 14
+1 14
+1 14
+2 14
+1 14
+2 14
+2 14
+2 14
+1 14
+1 14
+1 14
+2 14
+1 14
+1 14
+1 14
+2 14
+1 14
+2 20
+5 3
+6 3
+1 3
+19 8
+1 8
+1 8
+5 8
+1 8
+4 8
+1 8
+2 8795
+1 8
+6 8
+1 8
+1 8
+3 5
+6 5
+1 5
+2 5
+13 3
+1 3
+1 3
+3 3
+1 3
+1 3
+1 3
+2 2
+2 2
+2 2
+2 2
+3 2
+1 2
+69 512
+2 512
+1 512
+1 512
+1 512
+1 512
+1 512
+1 512
+1 512
+2 512
+1 512
+2 512
+1 512
+1 512
+1 512
+1 512
+1 512
+1 512
+1 512
+2 512
+1 512
+2 512
+2 512
+2 512
+1 512
+1 512
+1 512
+1 512
+1 512
+1 512
+1 512
+2 512
+1 512
+2 512
+1 512
+1 512
+1 512
+1 512
+1 512
+1 512
+1 512
+2 512
+1 512
+2 512
+3 2
+2 2
+2 2
+2 2
+6 2
+1 2
+1 2
-2 1
+1 1
+1 1
+2 3
+6 3
+1 3

fl=(62) /usr/src/debug/glibc-2.17-c758a686/csu/../csu/init-first.c
fn=(238) _init
52 8
+6 6
+17 1
fi=(63) /usr/src/debug/glibc-2.17-c758a686/csu/../sysdeps/unix/sysv/linux/x86_64/init-first.c
-35 2
fe=(62)
+33 1
+1 1
fi=(63)
-34 1
-2 2
fe=(62)
+37 1
fi=(63)
-37 3
+2 1
cfi=(46) /usr/src/debug/glibc-2.17-c758a686/elf/../sysdeps/unix/sysv/linux/dl-vdso.c
cfn=(176) _dl_vdso_vsym
calls=1 -13 
* 7
+1 2
+5 2
-3 2
+1 1
+2 1
cfi=(46)
cfn=(176)
calls=1 -19 
* 7
fe=(62)
+43 1
fi=(63)
-39 1
fe=(62)
+39 2
fi=(63)
-39 2
+1 2
+1 1
fe=(62)
+37 1
cfi=(64) /usr/src/debug/glibc-2.17-c758a686/misc/init-misc.c
cfn=(242) __init_misc
calls=1 -59 
* 58
+8 1
cfi=(66)
cfn=(246)
calls=1 -65 
* 16
+5 6
-35 1
-9 1
+9 4
fi=(63)
-25 2
fe=(62)

fl=(103) /usr/src/debug/glibc-2.17-c758a686/libio/putc.c
fn=(542) putc
27 92
+3 92
-3 184
+3 1380
+1 276
fi=(98)
885 184
+1 736
fe=(103)
34 276
-3 276
cfi=(86)
cfn=(544)
calls=92 240 
* 5103
* 184

fl=(88)
fn=(554)
81 6
cfn=(556) __write_nocancel
calls=3 * 
* 15

fn=(430) __read_nocancel
81 10

fn=(356) __open_nocancel
81 5

fn=(556)
81 15

fn=(428)
81 4
cfn=(430)
calls=2 * 
* 10

fn=(354)
81 2
cfn=(356)
calls=1 * 
* 5

fl=(80) /usr/src/debug/glibc-2.17-c758a686/malloc/hooks.c
fn=(502) realloc_hook_ini
37 9
+1 1
fi=(81)
385 1
fe=(80)
39 1
-1 1
fi=(81)
385 2
fe=(80)
39 1
fi=(81)
385 1
fi=(79) /usr/src/debug/glibc-2.17-c758a686/malloc/malloc.c
2966 2
+4 2
+4 2
+5 1
-2 1
+2 1
+2 1
-2 1
+2 2
+3 3
+6 4
+1 2
+7 8
+2 2
fe=(80)
42 9
fi=(79)
2982 1
+44 6
+4 6
cfn=(506) _int_realloc
calls=1 4217 
* 345
* 1
+2 4
+4 4
-66 2
fe=(80)

fn=(326) malloc_hook_ini
30 2
fi=(81)
385 3
fe=(80)
29 3
cfi=(81)
cfn=(328)
calls=1 383 
* 56834
* 1
+4 1
-1 1
cfi=(79)
cfn=(325) malloc'2
calls=1 2888 
* 1220

fl=(97)
fn=(422)
36 2
-1 2
+1 2
+1 12
+4 2

fl=(84) /usr/src/debug/glibc-2.17-c758a686/misc/sbrk.c
fn=(340) sbrk
34 14
+8 14
-8 42
+8 81
+4 28
+4 52
+3 13
cfi=(85) /usr/src/debug/glibc-2.17-c758a686/misc/../sysdeps/unix/sysv/linux/x86_64/brk.c
cfn=(342) brk
calls=13 -22 
* 169
* 26
+4 70
-14 28
cfi=(85)
cfn=(342)
calls=14 -12 
* 182
* 56

fl=(47) /usr/src/debug////////glibc-2.17-c758a686/string/../sysdeps/x86_64/multiarch/strnlen.S
fn=(178) strnlen
30 1
+1 1
+1 1
+1 1
+2 1

fl=(50) ???
fn=(186) memcpy@GLIBC_2.2.5
0 15

fl=(65) /usr/src/debug////////glibc-2.17-c758a686/string/../sysdeps/x86_64/strrchr.S
fn=(244) __GI_strrchr
25 1
+1 1
+1 1
+1 1
+1 1
+1 1
+1 1
+1 1
+1 1
+1 1
+1 1
+1 1
+1 1
+1 1
+1 1
+1 1
+1 1
+1 1
+1 1
+1 1
+1 1
+1 1
+1 1
+13 1
+1 1
+1 1
+1 1
+7 1
+1 1
+1 1
+1 1
+1 1
+1 1
+1 1

fl=(79)
fn=(388) calloc
3183 364108
+13 1092324
-13 364108
+10 728216
+3 364108
-13 1092324
+13 364108
+8 728216
+1 728216
+10 4369296
+7 364108
+8 364108
-7 728216
+7 728216
+15 1092324
cfn=(332) _int_malloc
calls=364108 3351 
* 22835571
+6 364108
-6 364108
+6 364108
+7 1456432
+3 728216
+6 1092324
+2 4
+44 1921740
-36 364107
-3 364107
+3 728214
-13 364107
+13 728214
+10 364107
+1 728214
+3 728214
+7 320289
-3 320289
+1 320289
+1 640578
+1 320289
+3 16821
-2 16821
+1 16821
+1 16821
+3 12112
-2 12112
+1 12112
+1 12112
+1 10720
+1 21440
-29 59724
+15 131454
cfi=(102)
cfn=(508)
calls=43818 57 
* 1055569
+21 306726

fn=(506)
4217 90
+21 40
+1 30
+15 20
+1 30
+1 20
+1 20
+6 20
+8 20
+12 10
-1 20
+87 90
-77 30
cfn=(332)
calls=10 3351 
* 1712
+1 10
-1 10
+1 10
+4 10
-1 10
+6 20
+11 10
+1 10
+2 20
+3 20
3834 30
+6 40
+1 20
+13 50
+13 20
+75 20
+19 10
-4 10
+4 20
+6 20
+8 30
+6 20
+1 20
+1 20
1909 30
3992 20
+7 20
+5 20
+4 10
+9 10
-1 10
+2 20
+7 10
-2 10
+1 10
+1 10
+2 7
+1 7
+2 7
+1 7
+2 21
+1 7
+30 21
-34 3
+1 3
+2 9
+1 3
+30 9
+1 2
+3 3
4320 30
cfi=(99)
cfn=(440)
calls=10 61 
* 31295
* 10
4070 6
3969 30
-2 20

fn=(500) realloc
2958 99
+7 22
+1 22
+4 20
+4 20
+5 10
-2 10
+2 10
+2 10
-2 10
+2 20
+3 27
+6 40
+1 20
+7 80
+2 20
2848 1
+1 1
-1 1
+12 1
-12 1
+9 5
+3 2
+3 10
cfi=(104) /usr/src/debug////////glibc-2.17-c758a686/misc/../sysdeps/unix/syscall-template.S
cfn=(558) mremap
calls=1 81 
* 6
+3 4
+9 1
-2 1
-5 1
+5 2
+2 1
+1 1
-3 1
+4 1
-1 1
+1 1
3006 1
+43 90
-67 11
+44 54
+4 54
cfn=(506)
calls=9 4217 
* 33947
* 9
+2 36
+4 36
2878 2
+92 20
-3 1
+82 7
-82 1
cfi=(80)
cfn=(502)
calls=1 37 
* 427

fn=(324) malloc
2888 2905868
+5 1452934
+1 1452934
+3 5085262
+2 2179398
cfn=(332)
calls=726466 3351 
* 43311047
+3 726466
-3 726466
+3 726466
+6 1452932
+1 2905864
+5 3632330
-17 4358796
+5 1452932
-7 1
+19 3
-19 1
cfi=(80)
cfn=(326)
calls=1 30 
* 58065

fn=(325)
2888 4
+5 2
+1 2
+3 7
+2 3
cfn=(332)
calls=1 3351 
* 1180
+3 1
-3 1
+3 1
+6 2
+1 4
+5 5
-17 6
+5 2

fn=(334) malloc_consolidate
4113 32
+22 8
+1 9
+12 3
5023 3
4138 3
+11 3
-1 3
5021 3
+2 3
-2 12
4151 6
+1 6
-1 54
+1 78
+26 1163
+4 1163
-3 1163
+1 1163
+2 1163
+5 1163
+1 1163
+1 1163
-2 1163
+12 1163
-12 1163
+3 1163
+9 2320
-41 1157
-3 1157
+3 2314
+1 1157
+1 2314
+2 2314
-4 6
-3 6
+3 12
+1 6
+1 12
+2 12
+1 12
+2 12
-1 12
+2 168
+3 2326
+3 2326
+4 2326
+26 120
+6 25
-73 3
1829 1
+2 3
-2 128
+2 378
-2 252
+6 3
+5 1
+2 1
-2 1
4208 8
1839 3

fn=(528) free
2924 2135764
+1 2135764
+5 2135764
+5 1067882
-2 1067882
+2 2135764
+16 3203646
+1 3203646
cfn=(530) _int_free
calls=1067882 3821 
* 77950902

fn=(332)
3351 1090585
-30 1090585
+30 1090585
-30 1090585
+30 1090585
-30 1090585
+30 3271755
-30 6543510
+30 2181170
+4 2181170
+14 2181170
+1 3271647
+1 1090549
+1 1090549
-1 2181098
+5 2181098
+3 5235500
+1 1047100
-1 1047100
+1 2094200
+26 86970
+1 86950
+1 86950
+2 130425
+1 134
+3 66
+1 132
+5 66
+1 66
+1 66
+2 198
1902 1048343
3753 1048343
1902 2096686
3755 1048343
+58 8724680
3446 74
+1 20
+1 4
cfn=(334)
calls=1 4113 
* 178
* 2
3798 1
5023 2
3798 3
+2 25
5021 1
+2 1
-2 3
3467 2
3798 43418
5023 86836
3798 130254
+2 1085450
5021 43418
+2 43418
-2 130254
3467 86840
+67 3708
+1 7416
+1 2472
+45 1236
+7 1236
-6 1236
+1 1236
+1 1236
+1 1236
+3 1236
-52 7
+45 7
+7 7
-6 7
+1 7
+1 7
+1 7
+3 7
3467 133992
+2 5529
-1 5529
+1 11058
+1 11058
+7 5529
+10 22112
+34 1862
-5 1862
+1 1862
+4 1862
+12 2486
+6 44
+1 2
+1 2
+3 4
-5 34
+1 2
+1 2
+3 4
-5 15
+1 3
+1 3
+3 6
+34 28
-39 18
-50 4378
-1 8756
+2 4364
-1 8728
+4 3667
+1 7334
+4 7334
-3 7334
+1 7334
+1 7334
+1 3667
+2 3441
+1 3441
+3 24087
+2 6882
-2 3441
+2 3441
+4 3441
1902 3441
3507 3441
1902 6882
3504 1582
+2 452
-2 226
+2 226
+4 226
1902 226
3507 226
1902 83698
3539 7
+58 78270
+70 39135
+1 39135
+1 39135
-1 39135
+1 39135
+1 78270
+1 78270
+5 156680
+2 113928
+2 151852
-2 113877
+2 151820
-2 75902
+2 113841
+95 37958
+3 37958
-2 75916
+2 75916
+16 34
+1 4
cfn=(334)
calls=2 4113 
* 34107
+2 2
+1 2
-1 2
3688 959
+1 959
-2 4342
+7 1212
+3 2424
+1 35
+1 35
+1 35
-2 140
+59 35
3523 619
-1 1238
+1 1238
1902 619
3526 619
1902 1238
3528 1238
3382 5235500
3598 20
+3 30
3446 58
3680 32
+2 8
+1 16
-1 10
+1 20
3446 4
3704 3531
+8 1177
-3 2354
+3 14145
+3 2354
+2 480
-1 480
+1 1440
-37 30
+48 697
-5 697
+6 1394
+11 697
-6 697
+1 697
+1 697
+1 697
+3 697
+1 697
+1 1394
+2 6
+1 6
+2 42
+2 12
-2 6
+2 6
+1 12
-3 4837
+2 1382
-2 691
+2 691
+1 1382
3412 4
cfn=(334)
calls=1 4113 
* 793
* 3
+34 7
3807 60
cfn=(336) sysmalloc
calls=15 2280 
* 2427
+1 15
-1 15
+1 15
1902 60
3782 37941
-3 37941
+1 75882
+2 37941
-1 37941
+1 75882
+2 37941
-2 113823
+5 37941
-5 37941
+2 37941
1902 113823
3712 84

fn=(530)
3821 10678820
+13 3203646
+6 4271528
+1 2135764
+13 4271528
+13 2135764
+11 4271512
+1 3203634
1909 1067878
3903 1067878
1909 2135756
3905 3203634
+1 2135756
+1 1067878
+3 1067878
-3 1067878
+9 3203634
-5 3203634
+14 4269220
+2 1067878
+2 6407268
+2 4269220
4096 8543024
3942 8
3832 4
3943 8
+18 4
-4 4
+4 8
+6 8
+8 12
+6 8
+1 8
+1 8
1909 12
3992 8
+7 8
+5 8
+4 4
+9 4
-1 4
+2 8
+7 4
-2 4
+1 4
+1 4
+5 4
+1 4
+2 12
+1 4
+30 8
+20 8
+2 16
+10 32
3952 24
+2 8
+15 12
-2 8

fn=(336)
2280 135
+21 15
+11 15
-11 30
+11 15
+1 43
+79 13
+20 13
-19 26
+19 26
2718 26
+6 13
+3 13
-3 13
+3 26
+1 13
+3 39
-2 13
+2 26
+1 13
-1 13
-1 13
+1 13
+1 13
+2 13
+6 104
-6 2
+6 16
-21 26
2314 6
+14 8
+6 4
2463 26
+19 26
-19 65
+19 26
+8 13
-8 13
+8 13
2336 16
cfi=(94)
cfn=(396)
calls=2 32 
* 66
+2 6
+34 2
-5 6
+5 8
+3 2
+1 2
-1 2
+1 2
+1 4
2491 78
cfi=(83) /usr/src/debug/glibc-2.17-c758a686/malloc/morecore.c
cfn=(338) __default_morecore
calls=13 47 
* 842
+1 13
-1 13
+1 13
+3 52
+2 26
+1 26
+18 26
+25 26
+2 26
2394 13
2549 13
-6 13
+6 37
+1 60
+2 6
+42 3
+19 1
+3 2
+1 4
+3 1
-3 1
+3 2
cfi=(83)
cfn=(338)
calls=1 47 
* 45
+12 3
+5 2
+1 4
+35 1
+1 1
-2 1
+1 2
+12 1
-12 1
+1 2
+11 1
2373 4
2542 5
+10 2

fl=(75) /usr/src/debug////////glibc-2.17-c758a686/setjmp/../sysdeps/x86_64/setjmp.S
fn=(308) __sigsetjmp
26 1
+9 1
+1 2
+1 1
+4 1
+1 1
+1 1
+1 1
+1 1
+2 2
+2 1
+1 1
+1 1
+2 2
+2 1
+9 1
cfi=(76) /usr/src/debug/glibc-2.17-c758a686/setjmp/sigjmp.c
cfn=(310) __sigjmp_save
calls=1 -35 
* 9

fl=(76)
fn=(310)
29 2
-1 2
+1 2
+5 3

fl=(89)
fn=(358)
53 8
+10 3
+2 2
+1 1
+23 8
-26 1
-5 2

fl=(104)
fn=(558)
81 5
+1 1

fl=(46)
fn=(176)
27 4
-1 4
+1 4
+4 8
-3 8

fl=(78) /usr/src/debug/glibc-2.17-c758a686/libio/iofopen.c
fn=(360) __fopen_maybe_mmap
42 1
-2 1
+2 1
+15 1

fn=(320) __fopen_internal
65 6
+8 1
-8 2
+8 1
cob=(2) ???
cfi=(16) ???
cfn=(322) 0x0000000004f478c0
calls=1 -73 
* 58079
+2 1
-2 1
+2 1
+3 1
+3 5
-3 1
+3 1
cfi=(86)
cfn=(344)
calls=1 650 
* 58
+4 1
+1 1
-1 1
+1 1
cfi=(87)
cfn=(348)
calls=1 +58 
* 95
+4 5
cfi=(87)
cfn=(352)
calls=1 268 
* 113
* 1
+1 1
-1 1
+6 5
-5 1
cfn=(360)
calls=1 -49 
* 4

fn=(318) fopen@@GLIBC_2.2.5
103 2
cfn=(320)
calls=1 -38 
* 58388

fl=(44) /usr/src/debug////////glibc-2.17-c758a686/string/../sysdeps/x86_64/multiarch/strcmp.S
fn=(180) strncasecmp
120 1
+2 1
+1 1
+1 1
+9 1

fn=(172) strcasecmp
100 1
+2 1
+1 1
+1 1
+9 1

fl=(72) /usr/src/debug/glibc-2.17-c758a686/csu/../csu/libc-start.c
fn=(286) (below main)
134 7
+10 1
-10 3
+10 7
+62 1
-62 1
+62 1
+1 4
cfi=(73)
cfn=(288)
calls=1 56 
* 61
+22 6
+3 2
+1 5
cob=(6) /h/apantu01/comp40/UM_Hayden/um
cfi=(69) ???
cfn=(292) __libc_csu_init
calls=1 0 
* 57
+4 4
+15 2
+9 2
cfi=(74) /usr/src/debug////////glibc-2.17-c758a686/setjmp/../sysdeps/x86_64/bsd-_setjmp.S
cfn=(306) _setjmp
calls=1 33 
* 30
+1 2
+5 2
+1 2
+3 2
+3 6
cob=(6)
cfi=(77) /h/apantu01/comp40/UM_Hayden/um.c
cfn=(312) main
calls=1 12 
* 4935497744

fl=(83)
fn=(338)
47 14
+1 14
cfi=(84)
cfn=(340)
calls=14 -14 
* 775
+2 42
+2 42

fl=(85)
fn=(342)
31 27
-3 27
+3 189
+8 27
-6 54
+7 27

fl=(49) /usr/src/debug/glibc-2.17-c758a686/time/../sysdeps/unix/sysv/linux/x86_64/gettimeofday.c
fn=(184) gettimeofday
30 1
+1 1
+3 2
-3 4
+3 1
cfi=(46)
cfn=(176)
calls=1 -7 
* 7
+1 3
+1 3

fl=(67) /usr/src/debug/glibc-2.17-c758a686/string/../sysdeps/x86_64/cacheinfo.c
fn=(248) init_cacheinfo
478 2
+12 1
-12 1
+12 1
-12 1
+12 1
-12 1
+12 1
648 2
+2 1
+1 1
+2 1
-3 1
+5 1
-5 1
+4 3
+4 2
+2 1
+1 1
+2 1
+4 1
-7 1
+5 1
-5 1
+4 1
+3 2
-3 1
+3 1
-3 1
+3 2
492 2
cfn=(250) handle_intel.isra.0
calls=1 262 
* 843
+4 1
-4 1
+4 1
cfn=(250)
calls=1 262 
* 884
+2 1
-2 1
-1 1
+3 1
+9 3
+2 1
+1 1
+2 1
+5 2
+9 16
-9 12
+6 3
-6 3
+6 3
-6 3
+6 1
-6 1
+6 1
+69 4
+1 6
-65 1
+32 1
-26 5
+7 2
+4 4
+2 4
-6 4
+4 1
-2 1
+2 1
-4 3
+4 1
-2 1
+2 1
+15 1
+1 4
-9 1
+2 2
+1 1
-1 2
+1 1
+1 1

fn=(250)
262 4
+12 2
-12 12
+9 2
+1 4
-3 6
+23 10
cfn=(252) intel_check_word
calls=2 132 
* 1444
+1 4
+3 10
cfn=(252)
calls=2 132 
* 189
+1 4
-17 4
+5 2
-5 4
+5 2
+2 2
+1 2
-1 4
+27 16

fn=(252)
132 32
+1 12
+6 32
+2 4
-2 4
+2 4
+88 8
-76 20
+53 16
+23 40
-1 8
+1 8
cfi=(68) /usr/src/debug/glibc-2.17-c758a686/stdlib/bsearch.c
cfn=(254) bsearch
calls=8 26 
* 1226
+2 16
+22 8
141 16
+2 10
+2 20
-10 2
258 32
-93 10
+5 10
-5 14
+9 2
+2 4
+8 2
+4 2
-2 4
+13 3
-34 15
+5 6
+4 8
+7 9
+9 2
-2 2
+3 2
-1 2
-2 2
+1 2
+1 2
-1 6
+1 2
-2 4

fn=(256) intel_02_known_compare
121 162
+3 162

fl=(45) /usr/src/debug/glibc-2.17-c758a686/time/../sysdeps/unix/sysv/linux/x86_64/time.c
fn=(174) time
36 1
+1 1
+3 2
-3 4
+3 1
cfi=(46)
cfn=(176)
calls=1 -13 
* 7
* 3
+1 3

fl=(74)
fn=(306)
33 1
+2 1
cfi=(75)
cfn=(308)
calls=1 -9 
* 28

fl=(91) /usr/src/debug/glibc-2.17-c758a686/io/../sysdeps/unix/sysv/linux/wordsize-64/xstat.c
fn=(370) _xstat
36 1
-1 1
+1 1
+1 6
+4 1

fl=(95) /usr/src/debug/glibc-2.17-c758a686/libio/iofread.c
fn=(410) fread
35 5
+1 2
-1 2
+4 2
+2 18
+1 4
cfi=(86)
cfn=(412)
calls=1 494 
* 1157
fi=(98)
885 1
fe=(95)
42 1
fi=(98)
885 1
+1 9
fe=(95)
44 3
+1 6

fl=(64)
fn=(242)
30 4
+1 5
+2 3
cfi=(65)
cfn=(244)
calls=1 -8 
* 34
+4 5
+1 3
+2 4

fl=(96)
fn=(418)
96 10
+15 8
fi=(98)
957 6
+2 4
+1 4
fe=(96)
111 6
cfi=(87)
cfn=(420)
calls=2 1270 
* 28
* 4
+2 8
+11 9
-14 1
+18 6
cfi=(94)
cfn=(396)
calls=1 -96 
* 33
* 6
cfi=(94)
cfn=(396)
calls=1 -96 
* 33
* 4
+1 10
cfi=(86)
cfn=(424)
calls=2 400 
* 42
+1 2
+1 13
-13 1
fi=(105) /usr/src/debug/glibc-2.17-c758a686/libio/../sysdeps/unix/sysv/linux/sys/sysmacros.h
-72 6
fe=(96)
+72 1
-2 2
+5 2

fl=(68)
fn=(254)
26 8
+5 8
-5 72
+7 8
-7 16
+7 8
+7 8
+1 8
-8 16
+2 54
+2 54
-2 54
+1 162
+1 108
cfi=(67)
cfn=(256)
calls=54 +84 
* 324
+1 108
+1 46
-6 92
+14 8
-1 8
+1 56

ob=(2)
fl=(16)
fn=(294) 0x0000000000400998
0 6

fn=(322)
0 1
cob=(3)
cfi=(79)
cfn=(324)
calls=1 2888 
0 58078

fn=(226) 0x0000000004a24510
0 6

fn=(258) 0x0000000004c2b170
0 6

ob=(1)
fl=(11) /usr/src/debug/glibc-2.17-c758a686/elf/../misc/sbrk.c
fn=(22) sbrk
34 4
+8 6
+4 2
+11 5

fl=(33) /usr/src/debug/glibc-2.17-c758a686/io/../sysdeps/unix/sysv/linux/wordsize-64/fxstat.c
fn=(110) _fxstat
36 4
-1 4
+1 4
+1 24
+4 4

fl=(8) /usr/src/debug/glibc-2.17-c758a686/elf/../sysdeps/unix/sysv/linux/x86_64/brk.c
fn=(14) brk
31 1
-3 1
+3 6
+8 1
-6 2
+7 1

fl=(31) /usr/src/debug/glibc-2.17-c758a686/elf/dl-misc.c
fn=(96) _dl_name_match_p
304 515
+1 206
cfi=(19) /usr/src/debug////////glibc-2.17-c758a686/string/../sysdeps/x86_64/strcmp.S
cfn=(54) strcmp
calls=103 134 
* 728
* 103
+1 103
-1 103
+3 103
+2 206
+4 104
-4 208
+1 333
cfi=(19)
cfn=(54)
calls=111 134 
* 2072
* 222
-5 7
+11 131
-1 96
+1 384

fn=(134) _dl_sysdep_read_whole_file
43 1
+7 1
-7 3
+7 1
-7 1
+1 1
-1 2
+7 1
cfi=(32) /usr/src/debug////////glibc-2.17-c758a686/io/../sysdeps/unix/syscall-template.S
cfn=(102) open
calls=1 +31 
* 5
+1 1
-1 1
+1 1
+2 4
cfi=(33)
cfn=(110)
calls=1 -17 
* 10
* 2
+2 1
+3 1
-3 1
+3 1
+13 2
cfi=(32)
cfn=(120) close
calls=1 +10 
* 5
+3 7
-14 6
cfi=(34) /usr/src/debug/glibc-2.17-c758a686/misc/../sysdeps/unix/sysv/linux/wordsize-64/mmap.c
cfn=(112) mmap
calls=1 -28 
* 33
* 2

fl=(22) /usr/src/debug////////glibc-2.17-c758a686/posix/../sysdeps/unix/syscall-template.S
fn=(62) uname
81 4
+1 1

fl=(25) /usr/src/debug////////glibc-2.17-c758a686/string/../sysdeps/x86_64/rtld-strchr.S
fn=(70) index
40 10
+1 10
+1 10
+1 10
+1 6
+1 6
+3 6
+1 6
+1 6
-2 28
+1 28
+1 28
+1 34
+1 34
+1 34
+1 34
+1 34
+9 10
+1 10
+1 10
+2 20
+32 10
+1 10
+1 10
+1 10
+2 10
+3 10
-8 2
+1 2
+1 2
+1 2
+2 2
+3 2
+1 12
+1 12
+1 12
+2 12
+5 11
+1 11
+1 11
+3 11
+1 10
+1 10
+1 10
+2 10
+3 6
+1 6
+1 6
+1 6
+2 6
+3 6
+1 6
+1 6
+1 6
+2 6
+5 6
+1 6
+1 6
+3 6
+1 6
+1 6
+1 6
+2 6
+2 3
+1 3
+1 3
+1 3
+2 3
+3 3
+1 3
+1 3
+1 3
+2 3
+5 3
+1 3
+1 3
+3 3
+1 3
+1 3
+1 3
+2 3
+2 3
+1 3
+1 3
+1 3
+2 3
+3 3
+1 3
+1 3
+1 3
+2 3
+5 3
+1 3
+1 3
+3 3
+1 3
+1 3
+1 3
+2 3
+4 9
+1 9
+11 1
+1 1
+1 1
+1 1
+47 1
+1 1

fl=(40) /usr/src/debug/glibc-2.17-c758a686/string/strdup.c
fn=(138) strdup
40 8
+1 2
cfi=(10) /usr/src/debug////////glibc-2.17-c758a686/string/../sysdeps/x86_64/rtld-strlen.S
cfn=(20) strlen
calls=2 -13 
* 68
* 2
+1 4
cfi=(17) /usr/src/debug/glibc-2.17-c758a686/elf/dl-minimal.c
cfn=(40) malloc
calls=2 +51 
* 68
* 2
+2 4
+4 2
-1 4
+1 4
-1 4
cfi=(18) /usr/src/debug////////glibc-2.17-c758a686/string/../sysdeps/x86_64/memcpy.S
cfn=(46) memcpy
calls=2 +14 
* 54

fl=(12) /usr/src/debug/glibc-2.17-c758a686/elf/dl-tunables.c
fn=(26) _dl_process_tunable_env_entries
37 1
-8 1
+8 1
+1 4
+4 93
+1 1
-1 4
+3 2
+12 45
-19 135
+22 2

fl=(37) /usr/src/debug/glibc-2.17-c758a686/elf/dl-deps.c
fn=(124) _dl_map_object_deps
147 1
+1 1
-1 2
+1 1
-1 1
+1 1
-1 1
+1 2
-1 4
+1 2
-1 1
+1 2
-1 1
+1 10
+15 1
-15 1
+16 1
-2 1
+1 1
-15 1
+16 1
+6 3
+10 1
-10 1
+10 3
-14 1
-4 1
+2 1
+17 1
-17 1
-2 2
+2 1
-2 1
+2 1
-2 1
+1 1
+1 1
+6 3
+10 1
-10 1
+10 3
-16 4
+20 1
+21 1
+1 1
-22 2
+19 1
-12 1
+15 1
-16 1
+13 1
347 9
215 1
+4 1
-8 1
+8 2
-4 4
+4 4
-8 4
+8 8
+12 15
+2 6
+6 3
-6 3
+6 3
+1 3
+4 3
-4 3
+1 3
+3 3
-6 3
+3 3
+3 9
-32 3
+32 6
+50 10
+1 9
-51 316
+1 158
+6 25
cfi=(25)
cfn=(70)
calls=5 40 
* 391
* 10
+5 25
-3 5
+3 5
cfi=(29) /usr/src/debug/glibc-2.17-c758a686/elf/dl-error.c
cfn=(86) _dl_catch_error
calls=5 -97 
* 13910
+2 15
+15 5
+2 10
+5 18
+6 3
+4 3
-10 6
+3 3
+1 3
+6 3
-5 3
+1 3
+4 3
-2 3
+2 6
-2 9
-57 8
-19 2
475 10
+2 9
+3 6
-1 3
cfi=(17)
cfn=(40)
calls=3 93 
* 102
* 3
+2 3
-2 3
+2 3
+3 3
+1 15
-1 3
+1 3
cfi=(18)
cfn=(46)
calls=3 61 
* 68
+1 15
cfi=(18)
cfn=(46)
calls=3 61 
* 68
+4 3
-1 3
+5 36
+3 12
-1 5
+1 10
204 1
501 6
+1 2
+3 6
+11 4
-1 1
cfi=(17)
cfn=(40)
calls=1 93 
* 34
* 1
+3 1
-3 1
+3 2
+5 7
+1 4
+2 11
+6 12
+4 4
-10 4
+10 4
-10 9
+6 3
+4 1
-10 1
+10 1
-10 3
+13 2
+53 4
+43 19
+1 2
-1 1
-1 1
+2 1
cfi=(36) /usr/src/debug////////glibc-2.17-c758a686/string/../sysdeps/x86_64/rtld-memset.S
cfn=(116) memset
calls=1 30 
* 16
* 10
+11 1
-6 1
-1 1
+1 1
+6 2
-11 9
+11 3
-6 3
-1 3
+1 3
+6 9
+2 12
+1 6
-1 12
+1 9
+3 21
-1 30
+23 6
-28 12
+31 12
+3 30
cfi=(36)
cfn=(116)
calls=3 30 
* 30
* 17
219 10
+1 22
+2 3
+2 9
+2 22
+71 222
688 2
+2 1
+1 1
-1 1
+9 3
+3 2
+3 8
-42 3
-35 10
cfi=(18)
cfn=(46)
calls=1 61 
* 42
+2 4
226 26

fn=(126) openaux
60 10
+7 5
-4 15
+1 5
-1 5
+1 5
-1 25
cfi=(23) /usr/src/debug/glibc-2.17-c758a686/elf/dl-load.c
cfn=(94) _dl_map_object
calls=5 2094 
* 13535
* 5
+5 10

fl=(36)
fn=(116)
30 8
+1 8
+1 8
+1 2154
+1 8
+1 8

fl=(41) /usr/src/debug/glibc-2.17-c758a686/elf/dl-version.c
fn=(146) _dl_check_all_versions
381 6
+4 4
-2 2
+4 35
cfn=(148) _dl_check_map_versions
calls=5 174 
* 4429
-2 5
+2 15
-1 5
-1 10
+5 7

fn=(148)
174 45
+15 5
-15 10
+15 10
+2 5
+3 5
-3 5
+2 5
+1 5
+2 5
-3 5
+3 5
+3 12
+4 18
+17 3
56 3
220 3
56 3
220 3
56 15
220 1
56 1
220 1
56 1
220 1
56 5
+1 14
-1 28
+2 54
cfi=(31)
cfn=(96)
calls=18 304 
* 1240
* 40
228 12
+5 32
+20 3
-16 87
cfn=(150) match_symbol
calls=2 76 
* 391
* 15
cfn=(150)
calls=5 76 
* 919
* 7
+8 28
+3 29
+9 16
+5 1
+1 1
-80 2
-8 2
+96 15
+3 9
+10 28
-7 112
+3 84
-3 12
+3 9
+8 5
+86 5
-86 5
+87 8
-81 16
cfi=(17)
cfn=(36) calloc
calls=4 102 
* 220
* 4
+1 4
-2 4
+2 4
+11 4
-3 4
+3 8
+2 12
+3 12
+4 12
+18 3
-15 9
+2 9
-2 12
+2 12
+2 7
+1 7
-1 14
+1 7
-1 7
+1 7
+1 7
-2 7
+2 14
+1 21
+3 21
+8 12
+5 1
+1 1
+4 12
+3 12
+20 28
-14 28
-2 28
+2 31
-2 3
+2 3
+4 28
+2 28
-1 56
+1 28
-1 84
+1 28
+1 28
+3 93
+10 4
-1 4
+1 28

fn=(150)
76 77
+9 7
-8 7
-1 14
+1 7
+8 7
+6 21
+18 14
+5 14
+14 114
+12 150
+4 50
-30 100
+16 7
+3 28
cfi=(19)
cfn=(54)
calls=7 +1 
* 623
* 14
+35 56

fl=(17)
fn=(36)
102 10
+7 30
-3 10
+3 20
+4 10
cfn=(40)
calls=10 -20 
* 441
* 10

fn=(40)
93 26
+1 52
cfn=(44) __libc_memalign
calls=26 -43 
* 881
* 26

fn=(44)
51 108
+1 133
+11 26
+1 26
-1 26
+3 26
-3 26
+3 52
-3 1
+1 1
-1 1
+3 1
-3 1
+3 98
+4 12
+1 9
+6 21
cfi=(34)
cfn=(112)
calls=3 -45 
* 99
+2 15
+4 9
+3 3
+1 3
+2 15
-3 24
+1 24
+2 192
-31 3
+1 1
-2 3

fn=(74) strsep
340 3
+1 6
+4 64
+7 156
-2 106
+4 2
+6 26
-15 79
+18 1
+4 1
-4 1
+4 2
-11 2
+1 1

fl=(2)
fn=(50)
917 10

fn=(2) _dl_start
441 9
+18 4
fi=(3) /usr/src/debug/glibc-2.17-c758a686/elf/get-dynamic-info.h
44 1
fe=(2)
459 1
fi=(5) /usr/src/debug/glibc-2.17-c758a686/elf/../sysdeps/x86_64/dl-machine.h
59 3
fi=(3)
-15 1
fe=(2)
488 1
-3 1
fi=(3)
44 1
+17 2
-3 1
-7 1
+5 1
+3 1
+2 1
-3 1
-3 1
-3 2
-5 28
+15 14
-18 42
+18 1
-18 3
+2 40
+5 24
+1 20
+10 5
-18 15
+25 2
+20 4
+1 4
+1 4
+1 4
+2 4
+5 4
+1 4
+1 4
fe=(2)
621 34
fi=(4) /usr/src/debug/glibc-2.17-c758a686/elf/do-rel.h
111 1
-28 1
+28 2
fi=(5)
497 3
fi=(4)
111 2
fi=(5)
497 1
fi=(4)
111 1
fi=(5)
497 27
fi=(4)
111 18
fi=(5)
497 9
fi=(4)
111 9
+13 1
fi=(5)
309 1
fi=(4)
124 2
+13 1
+2 2
-2 1
fi=(5)
263 1
fi=(4)
137 1
fi=(5)
291 1
fi=(4)
137 2
fi=(5)
291 1
fi=(4)
137 7
+2 14
-2 7
fi=(5)
263 7
fi=(4)
137 7
fi=(5)
291 7
fi=(4)
137 14
fi=(5)
291 7
+9 16
+3 8
-3 16
+3 24
+6 48
fi=(3)
53 4
+3 4
+3 4
+1 1
+1 2
fe=(2)
378 1
623 1
378 1
cfi=(6) /usr/src/debug/glibc-2.17-c758a686/elf/dl-lookup.c
cfn=(10) _dl_setup_hash
calls=1 865 
* 23
+1 2
+1 2
+1 2
+1 2
+20 1
+9 1
-9 3
+9 1
-6 1
-3 1
+9 1
cfi=(7) /usr/src/debug/glibc-2.17-c758a686/elf/../elf/dl-sysdep.c
cfn=(12) _dl_sysdep_start
calls=1 86 
* 160980
* 1
+9 4
+3 1
+4 1
-4 1
+4 1
648 9
fi=(5)
398 8
+9 8
fi=(4)
124 25
fe=(2)

fn=(152) init_tls
803 1
-1 1
-6 1
+2 2
+4 1
+10 2
-4 1
+4 2
cfi=(17)
cfn=(36)
calls=1 102 
* 43
* 1
-1 1
+6 1
-9 1
+11 1
+6 1
-1 1
+1 12
+2 10
+4 1
+2 1
-2 2
-5 10
+12 1
cfi=(27) /usr/src/debug/glibc-2.17-c758a686/elf/../elf/dl-tls.c
cfn=(154) _dl_determine_tlsoffset
calls=1 144 
* 56
+7 1
cfi=(27)
cfn=(156) _dl_allocate_tls_storage
calls=1 349 
* 455
+1 1
-1 1
+1 1
+6 1
+8 1
-8 1
+8 6
+4 2
+3 2

fn=(144) version_check_doit
736 2
+2 4
cfi=(41)
cfn=(146)
calls=1 381 
* 4518
* 2
+4 2

fn=(24) dl_main
1005 10
+19 1
2598 1
1005 1
2598 1
1005 1
+19 1
+3 1
-22 2
+22 1
+4 2
+1 2
+5 2
2591 2
+7 1
-5 1
+5 4
+5 1
cfi=(12)
cfn=(26)
calls=1 37 
* 289
* 1
-9 4
+11 2
cfi=(13) /usr/src/debug/glibc-2.17-c758a686/elf/dl-environ.c
cfn=(28) _dl_next_ld_env_entry
calls=1 30 
* 168
* 4
cfi=(13)
cfn=(28)
calls=2 30 
* 138
* 9
+4 48
+1 19
-1 57
+3 4
+6 16
2766 3
+30 3
1045 2
-2 1
+2 1
1241 7
cfi=(15) /usr/src/debug/glibc-2.17-c758a686/elf/dl-object.c
cfn=(32) _dl_new_object
calls=1 62 
* 244
* 1
+3 1
+1 1
+5 2
-5 1
+1 1
1014 1
1246 1
+4 1
cfi=(15)
cfn=(48) _dl_add_to_namespace_list
calls=1 33 
* 34
* 3
+30 1
-3 1
-5 1
+1 1
+2 1
+5 6
+56 2
1011 1
1336 2
-55 24
-1 27
+1 47
-1 2
1383 3
+3 2
+2 2
+2 2
+13 2
+1 8
cfi=(19)
cfn=(54)
calls=1 134 
* 7
* 3
+11 1
-4 1
+1 1
-3 1
+6 1
+6 2
fi=(3)
29 1
+9 2
+6 1
-2 1
+2 2
+7 1
+5 1
+3 1
+2 1
-3 1
-3 1
-3 14
+10 3
-18 9
+8 21
+10 21
-18 63
+2 48
+5 12
+18 3
+67 3
+14 3
+18 2
fe=(2)
1426 2
cfi=(6)
cfn=(10)
calls=1 865 
* 14
+3 2
fi=(20) /usr/src/debug/glibc-2.17-c758a686/elf/setup-vdso.h
24 2
fe=(2)
1451 1
cfi=(21) /usr/src/debug/glibc-2.17-c758a686/elf/../sysdeps/unix/sysv/linux/dl-sysdep.c
cfn=(60) _dl_discover_osversion
calls=1 45 
* 93
* 8
1285 3
+1 1
+90 2
+1 2
+1 1
-6 2
+1 1
-37 2
-1 2
+1 4
-1 2
+2 4
+1 1
+3 2
+1 2
-1 2
+1 2
+1 2
+1 6
+1 2
-45 1
+9 1
-9 1
+9 1
-7 1
+25 1
-25 1
-3 1
+10 1
-19 3
+1 1
2693 4
+1 4
cfi=(14) /usr/src/debug/glibc-2.17-c758a686/string/../string/memcmp.c
cfn=(30) bcmp
calls=1 319 
* 120
* 2
+2 3
-57 4
cfi=(14)
cfn=(30)
calls=1 319 
* 26
* 2
+7 4
cfi=(14)
cfn=(30)
calls=1 319 
* 80
* 2
+2 3
1456 2
cfi=(23)
cfn=(64) _dl_init_paths
calls=1 710 
* 1934
+3 3
cfi=(26) /usr/src/debug/glibc-2.17-c758a686/elf/dl-debug.c
cfn=(76) _dl_debug_initialize
calls=1 51 
* 17
+7 1
-7 1
+2 1
+5 1
+3 3
+1 1
+3 1
-3 3
+1 2
+3 1
+5 1
-7 1
+7 1
+1 5
+4 1
+4 1
-2 4
+1 2
+1 3
+5 2
+1 6
+2 2
+1 2
+5 2
+6 4
+1 2
-2 1
1020 1
1688 1
cfi=(27)
cfn=(78) _dl_count_modids
calls=1 111 
* 4
* 1
+8 3
+3 2
+4 3
+7 1
+4 3
+19 3
+16 3
cfi=(32)
cfn=(122) access
calls=1 81 
* 9
* 2
+77 4
+17 3
+1 1
-1 1
+1 2
-1 1
+1 5
cfi=(37)
cfn=(124)
calls=1 147 
* 16342
+1 1
+5 1
-5 3
+2 2
+3 4
+1 4
-1 2
+1 16
-1 8
+4 3
+1 3
+1 1
+2 2
+1 5
-1 5
+1 6
-1 9
-28 11
168 2
1872 1
-1 2
+1 1
+2 1
+2 3
+2 1
-4 1
+4 2
+15 2
+1 3
+13 1
-2 1
+2 1
-2 1
+2 1
-1 1
-1 2
+2 1
cfi=(29)
cfn=(142) _dl_receive_error
calls=1 197 
* 4558
+10 1
+1 1
-1 1
+1 1
+1 1
cfn=(152)
calls=1 803 
* 626
* 1
+2 2
932 1
fi=(106) /usr/src/debug/glibc-2.17-c758a686/elf/../sysdeps/unix/sysv/linux/dl-osinfo.h
86 2
fe=(2)
934 1
fi=(106)
112 1
fe=(2)
943 1
+7 1
-5 1
1926 2
2159 3
+56 1
+4 1
+7 1
-11 1
+4 3
+4 2
+3 1
+8 2
+99 4
+2 1
+5 2
cfi=(27)
cfn=(214) _dl_allocate_tls_init
calls=1 443 
* 254
+4 2
+16 2
+29 1
cfi=(7)
cfn=(216) _dl_sysdep_start_cleanup
calls=1 251 
* 1
+4 3
+20 3
cfi=(26)
cfn=(76)
calls=1 51 
* 8
+1 1
-1 1
+2 1
cfi=(26)
cfn=(80) _dl_debug_state
calls=1 75 
* 1
+1 1
+4 1
cfi=(39) /usr/src/debug/glibc-2.17-c758a686/elf/dl-cache.c
cfn=(218) _dl_unload_cache
calls=1 316 
* 15
+5 8
1445 3
1735 3
+1 1
-1 2
+1 1
cfn=(82) handle_ld_preload
calls=1 970 
* 3602
* 1
+1 4
+2 3
-31 2
+1 1
cfi=(26)
cfn=(80)
calls=1 75 
* 1
* 1
2360 2
+15 1
+3 1
-3 1
+3 1
-3 2
+3 2
-3 1
+2 1
+1 1
cfi=(42) /usr/src/debug/glibc-2.17-c758a686/elf/dl-reloc.c
cfn=(158) _dl_relocate_object
calls=1 148 
* 9236
+1 4
+2 3
2209 1
1013 2
1869 2
2280 3
+7 1
+2 11
+2 1
+2 15
+5 10
+2 10
+8 5
-2 5
+2 10
+1 32
cfi=(42)
cfn=(158)
calls=4 148 
* 121350
+4 17
-22 14
+25 4
+2 1
+6 1
-6 1
+6 1
1830 6
+1 1
-1 2
+4 1
+1 1
-1 1
+2 2
2302 1
+1 1
-3 2
+14 2
cfi=(27)
cfn=(188) _dl_add_to_slotinfo
calls=1 879 
* 24
* 1

fn=(88) _dl_initial_error_catch_tsd
877 14

fn=(92) map_doit
704 2
+2 7
cfi=(23)
cfn=(94)
calls=1 2094 
* 2580
* 1
+2 2

fn=(52)
923 10

fn=(82)
970 9
+1 1
-76 1
+86 1
-11 2
-75 6
+80 3
fi=(28) /usr/src/debug/glibc-2.17-c758a686/elf/../string/bits/string2.h
+9 3
+1 5
-1 264
+1 132
+1 66
-2 66
+2 66
-2 199
+2 1
-2 3
fe=(2)
-5 3
+10 4
108 3
992 2
890 1
+5 5
-10 1
+4 1
+1 1
+1 1
+2 1
+2 1
cfi=(29)
cfn=(86)
calls=1 159 
* 2650
+1 2
+8 3
+89 1
-18 3
+21 9
-15 4
cfi=(18)
cfn=(46)
calls=1 61 
* 74
* 1
+1 3

fl=(18)
fn=(68) mempcpy
61 32
+4 32
+3 32
+1 32
+2 13
+1 13
+2 13
+1 13
+5 13
+1 13
-1 19
+1 19
+2 19
+1 19
+2 19
+1 19
+5 19
+1 19
-1 13
+1 13
+2 12
+1 12
+2 12
+1 12
+5 12
+1 12
-1 20
+1 20
+2 18
+1 18
+2 18
+1 36
+5 18
+1 18
-1 14
+1 17
+5 3
+1 3
+1 3
+1 3
+2 3
+2 3
+1 3
+2 3
+6 32
+4 32
+12 1
+2 1
+1 1
+26 1
+1 1
+3 1
+1 1
+1 1
+5 1
+2 1
+1 1
+1 1
+1 1
+2 1
+1 1
+1 1
+1 1
+2 1
+1 1
+2 1
+2 1
+2 1
+1 1
+1 1
+1 1
+2 1
+1 1
+1 1
+1 1
+2 1
+1 1
+2 3
+5 1
+2 1

fn=(46)
61 21
+2 21
+2 21
+3 21
+1 21
+2 6
+1 6
+2 6
+1 6
+5 6
+1 6
-1 15
+1 15
+2 2
+1 2
+2 2
+1 4
+5 2
+1 2
-1 19
+1 19
+2 3
+1 3
+2 3
+1 3
+5 3
+1 3
-1 18
+1 18
+2 11
+1 11
+2 11
+1 11
+5 11
+1 11
-1 10
+1 19
+5 9
+1 9
+1 9
+1 9
+2 9
+2 9
+1 9
+2 9
+8 21
+8 4
+6 4
+2 4
+1 4
+3 1
+1 3
+5 1
+1 1
+2 1
+2 1
+1 1
+2 1
-8 1
+1 1
+2 1
+2 1
+1 1
+2 3
+9 1
+1 1
-1 3
+1 3
+3 4
+1 4
+1 4
+5 4
+2 4
+1 4
+1 4
+1 4
+2 4
+1 4
+1 4
+1 4
+2 4
+1 4
+2 4
+2 3
+2 3
+1 3
+1 3
+1 3
+2 3
+1 3
+1 3
+1 3
+2 3
+1 3
+2 9
+5 3
+6 3
+1 3
-7 1
+6 1
+1 1

fl=(32)
fn=(104) read
81 12
+1 3

fn=(122)
81 4
+2 5

fn=(120)
81 16
+1 4

fn=(102)
81 56
+1 4
+1 50

fl=(39)
fn=(132) _dl_load_cache_lookup
185 18
+8 4
+3 6
+45 4
+6 2
-6 1
+6 2
+8 2
+20 2
-20 2
+7 2
-7 2
+20 2
-20 2
+7 4
-7 2
+7 2
+13 350
cfn=(136) _dl_cache_libcmp
calls=22 139 
* 1632
* 100
-76 4
cfi=(31)
cfn=(134)
calls=1 43 
* 94
+8 1
-8 1
+8 4
+1 4
cfi=(14)
cfn=(30)
calls=1 319 
* 112
* 2
+7 1
-3 1
+3 3
+3 1
+1 2
-1 1
+1 1
+1 3
cfi=(14)
cfn=(30)
calls=1 +99 
* 111
* 2
+2 2
+53 28
cfn=(136)
calls=2 139 
* 144
* 10
-12 6
+12 2
-12 4
-1 4
+13 46
+16 4
+4 4
+8 4
cfi=(10)
cfn=(20)
calls=2 28 
* 133
* 34
+1 2
-1 2
+1 4
cfi=(18)
cfn=(46)
calls=2 61 
* 54
+1 4
cfi=(40)
cfn=(138)
calls=2 40 
* 226
+1 16

fn=(218)
316 4
-1 1
+3 2
cfi=(35) /usr/src/debug////////glibc-2.17-c758a686/misc/../sysdeps/unix/syscall-template.S
cfn=(220) munmap
calls=1 81 
* 5
+1 1
+2 2

fn=(136)
139 72
+1 52
+2 242
+2 121
-2 121
+2 4
+6 2
+2 2
-1 2
-1 2
+1 2
-1 2
+2 6
+2 10
+2 4
+6 238
+2 432
+4 97
+1 97
-29 194
+32 4
+1 4
-8 22
+8 44

fl=(29)
fn=(142)
197 10
+1 1
cfi=(2)
cfn=(88)
calls=1 877 
* 2
+5 1
-1 1
-4 1
+9 1
+2 1
-3 1
+3 1
cfi=(2)
cfn=(144)
calls=1 736 
* 4528
+2 1
+1 1
+1 8

fn=(86)
159 42
+9 6
+2 6
cfi=(2)
cfn=(88)
calls=6 877 
* 12
* 6
+1 6
+2 12
-2 6
+2 6
cfi=(30) /usr/src/debug////////glibc-2.17-c758a686/setjmp/../sysdeps/x86_64/setjmp.S
cfn=(90) __sigsetjmp
calls=6 26 
* 120
+1 12
+2 12
+1 12
-1 6
+1 6
cfi=(37)
cfn=(126)
calls=5 60 
* 13620
cfi=(2)
cfn=(92)
calls=1 704 
* 2592
+1 6
+4 6
-4 6
+1 12
+1 12
+1 12
+10 24

fl=(7)
fn=(216)
251 1

fn=(12)
86 7
+25 1
-1 1
+1 1
-25 1
+25 144
+6 1
-3 1
+1 1
-4 1
+3 1
+3 4
+1 6
-1 3
-29 1
-1 2
+31 108
-1 86
fi=(21)
-82 2
cfi=(8)
cfn=(14)
calls=1 -4 
* 12
fi=(5)
220 5
+4 1
cfi=(9) /usr/src/debug/glibc-2.17-c758a686/elf/../sysdeps/x86/cpu-features.c
cfn=(18) init_cpu_features.constprop.0
calls=1 39 
* 115
fe=(7)
+2 3
+1 1
cfi=(10)
cfn=(20)
calls=1 28 
* 39
* 1
+2 2
cfi=(11)
cfn=(22)
calls=1 34 
* 17
* 3
+12 3
+3 6
cfi=(2)
cfn=(24)
calls=1 1005 
* 160373
+2 9
-67 1
+1 1
-29 1
+1 1
+11 1
+1 1
-7 1
+1 1
-4 1
+1 1
-25 1
+1 1
-4 1
+1 1
-7 1
+1 1
+2 1
+1 1

fl=(42)
fn=(158)
148 50
+15 5
-15 10
+15 5
+1 20
+6 10
+6 15
-18 6
+22 6
+8 10
-33 5
+78 5
fi=(5)
76 5
fe=(42)
233 10
fi=(5)
76 15
fe=(42)
259 224
159 15
fi=(5)
298 24
fe=(42)
-39 3
fi=(4)
48 3
fe=(42)
259 3
fi=(4)
58 3
fe=(42)
259 3
fi=(4)
47 6
+11 6
fe=(42)
259 2
159 10
fi=(5)
298 16
fe=(42)
-39 2
fi=(4)
48 2
fe=(42)
259 2
fi=(4)
58 2
fe=(42)
259 2
fi=(4)
47 4
+11 4
fe=(42)
259 5
fi=(4)
48 5
fe=(42)
259 5
fi=(4)
58 5
fe=(42)
259 5
fi=(4)
47 10
+11 10
+3 12
fi=(5)
507 62
+4 62
+2 93
+1 31
fi=(4)
61 126
+2 129
+2 38
-4 3
+13 6
+1 5
+1 24
fi=(5)
507 12
+24 12
fi=(4)
75 12
fi=(5)
531 12
+2 12
cob=(4) /usr/lib64/libm-2.17.so
cfi=(55) ???
cfn=(212) sin
calls=1 0 
* 8
cob=(4)
cfi=(55)
cfn=(210) __atan2_finite
calls=1 0 
* 8
cob=(4)
cfi=(57) /usr/src/debug/glibc-2.17-c758a686/math/../sysdeps/x86_64/fpu/multiarch/e_asin.c
cfn=(208) __asin_finite
calls=1 16 
* 5
cob=(4)
cfi=(59) /usr/src/debug////////glibc-2.17-c758a686/math/../sysdeps/x86_64/fpu/multiarch/s_floor.S
cfn=(206) floor
calls=1 25 
* 5
cob=(4)
cfi=(58) /usr/src/debug////////glibc-2.17-c758a686/math/../sysdeps/x86_64/fpu/multiarch/s_floorf.S
cfn=(204) floorf
calls=1 25 
* 5
cob=(4)
cfi=(57)
cfn=(202) __acos_finite
calls=1 10 
* 5
cob=(4)
cfi=(56) /usr/src/debug////////glibc-2.17-c758a686/math/../sysdeps/x86_64/fpu/multiarch/s_rintf.S
cfn=(200) rintf
calls=1 25 
* 5
cob=(4)
cfi=(55)
cfn=(198) __log_finite
calls=1 0 
* 8
cob=(4)
cfi=(54) /usr/src/debug/glibc-2.17-c758a686/math/../sysdeps/x86_64/fpu/multiarch/e_pow.c
cfn=(196) __pow_finite
calls=1 8 
* 5
cob=(4)
cfi=(53) /usr/src/debug////////glibc-2.17-c758a686/math/../sysdeps/x86_64/fpu/multiarch/s_rint.S
cfn=(194) rint
calls=1 25 
* 5
cob=(4)
cfi=(52) /usr/src/debug/glibc-2.17-c758a686/math/../sysdeps/x86_64/fpu/multiarch/s_sin.c
cfn=(192) cos
calls=1 20 
* 8
cob=(4)
cfi=(51) /usr/src/debug/glibc-2.17-c758a686/math/../sysdeps/x86_64/fpu/multiarch/e_exp.c
cfn=(190) __exp_finite
calls=1 15 
* 8
fi=(4)
75 12
fi=(5)
534 12
fi=(4)
75 14
fe=(42)
259 3
fi=(4)
75 9
fe=(42)
259 27
+3 15
+24 5
+3 10
+17 15
+2 40
fi=(4)
84 7
+2 14
+12 7
-15 7
+15 7
-15 7
+15 7
+10 10
+3 13
fi=(5)
497 9
fi=(4)
111 12
fi=(5)
497 3582
fi=(4)
111 4776
+7 21
+3 6
+3 6
-3 6
+3 6
-74 4
fi=(5)
424 4
fi=(4)
51 4
fi=(5)
424 16
fi=(4)
127 496
+9 234
+3 234
fi=(5)
266 117
fi=(4)
138 117
-2 117
+1 468
fi=(5)
266 117
+21 234
+4 234
+7 1518
fi=(4)
137 91
fi=(5)
298 182
fi=(4)
137 91
fi=(5)
298 91
fi=(4)
138 91
fi=(5)
298 182
fi=(4)
137 91
fi=(5)
298 283
fi=(4)
137 10
fi=(5)
298 20
fi=(4)
137 10
fi=(5)
298 10
fi=(4)
138 10
fi=(5)
298 20
fi=(4)
137 10
fi=(5)
298 1242
cfi=(6)
cfn=(164) _dl_lookup_symbol_x
calls=101 716 
* 104695
* 404
+2 312
+3 109
-3 218
+3 327
+6 819
fe=(42)
177 10
+1 2
+2 4
+79 10
fi=(5)
82 6
+4 9
+14 3
-8 3
+8 6
+20 6
+11 12
417 300
fi=(4)
124 384
+19 8
+1 26
+1 21
+3 14
+4 14
-1 7
-3 7
+1 7
+1 7
-1 14
fi=(5)
298 28
+2 7
+3 7
-3 7
+3 21
470 14
+1 7
cob=(3)
cfi=(50)
cfn=(186)
calls=1 0 
* 15
cob=(3)
cfi=(49)
cfn=(184)
calls=1 30 
* 22
cob=(3)
cfi=(48)
cfn=(182)
calls=1 27 
* 8
cob=(3)
cfi=(44)
cfn=(180)
calls=1 120 
* 5
cob=(3)
cfi=(47)
cfn=(178)
calls=1 30 
* 5
cob=(3)
cfi=(45)
cfn=(174)
calls=1 36 
* 22
cob=(3)
cfi=(44)
cfn=(172)
calls=1 100 
* 5
+1 14
298 39
fi=(4)
129 26
fi=(5)
298 20
+91 39
+4 65
+5 65
-71 2
+1 3
453 9
+4 18
cfi=(18)
cfn=(46)
calls=3 61 
* 54
+2 9
+1 3
fi=(4)
108 3
fe=(42)
314 10
+1 5
+1 5
-1 5
-1 10
+2 5
+3 10
+1 15
cfi=(35)
cfn=(114) mprotect
calls=5 81 
* 25
* 10
fi=(5)
124 12
-2 6
298 14
fi=(4)
129 3
+31 8
+2 20
+8 10
+1 5
-1 5
+1 5
fi=(5)
+95 5
fi=(4)
-96 10
fi=(5)
+96 5
+21 10
+4 10
+7 135
cfi=(6)
cfn=(164)
calls=5 716 
* 5414
* 20
+2 15
+3 1
-3 2
+3 3
+6 35
417 15
fi=(4)
160 15
+14 5
fi=(5)
298 95
fe=(42)

fl=(14)
fn=(30)
319 17
+3 17
-3 85
+4 17
-4 17
+7 34
+4 15
+2 1
+1 1
+1 1
+1 1
+2 2
-5 1
+1 1
+1 1
+1 1
+2 2
+2 2
-9 6
+16 5
+1 10
-1 10
133 14
-18 6
350 4
+4 3
+2 3
-2 6
+1 3
+5 30
+2 13
+1 13
+1 13
+3 143
-3 81
-2 81
+1 81
+4 162
-7 182
+12 12
+1 136
232 3
-7 3
+1 3
+4 3
+2 3
-6 3
+4 3
+2 15
-95 2
+1 2
+1 2
+1 2
+1 2
+48 2
-2 2
+1 2
+1 14
-80 2
+1 4
+4 4
-5 8
+1 16
+4 18
238 3
+2 3
-4 3
+1 3
+4 3
-2 3
+56 6
-2 3
+2 6
-1 3
+1 6
+1 6
+12 18
+1 6
-6 6

fl=(38) /usr/src/debug/glibc-2.17-c758a686/io/../sysdeps/unix/sysv/linux/wordsize-64/xstat.c
fn=(130) _xstat
36 8
-1 8
+1 8
+1 48
+4 2
-4 24

fl=(1) ???
fn=(0) 0x0000000000000ff0
0 2
cfi=(2)
cfn=(2)
calls=1 441 
0 161660
0 14
cfi=(60) /usr/src/debug/glibc-2.17-c758a686/elf/dl-init.c
cfn=(224) _dl_init
calls=1 90 
0 2304
0 3
cob=(6)
cfi=(69)
cfn=(272) 0x0000000000400b79
calls=1 0 
0 4935499539

fl=(6)
fn=(10)
865 15
+4 3
+4 6
+2 3
-1 3
+4 3
+4 3
-4 3
+1 6
+2 3
-2 3
+3 3
+2 3
+1 3
+1 12
+1 3
+3 6
+2 2
+2 2
+2 2
+1 2
+1 2
-4 2
+4 4

fn=(170) check_match.9524
132 5376
+1 1536
+2 1536
+2 1122
-2 748
+12 1122
+3 1956
cfi=(19)
cfn=(54)
calls=302 -16 
* 5298
* 604
+5 103
-1 103
+1 103
-1 103
+1 103
+2 204
+19 204
+1 816
+46 618
-18 2
+2 2
+1 4
-1 2
+1 1
-1 2
+9 271
+7 3990
-45 306
cfi=(19)
cfn=(54)
calls=102 -44 
* 8870
* 408
-43 788
+81 1182

fn=(166) do_lookup_x
82 1035
+1 115
-6 115
+5 345
-5 805
+11 115
+1 115
233 115
-3 115
+3 115
-3 345
98 115
-3 115
+1 115
+2 115
+3 115
-3 115
+3 115
-3 350
-3 350
+1 350
+2 350
+3 350
-3 350
+3 350
+4 954
+4 924
+4 924
+7 1386
+4 924
+1 1386
226 462
+1 924
+4 480
-2 240
+5 960
+4 480
-1 480
+1 240
-1 480
+21 142
+24 718
462 1965
+1 335
cfi=(31)
cfn=(96)
calls=67 304 
* 3139
* 402
+3 1086
+3 24
287 764
+4 251
+13 103
+1 103
-1 103
+1 103
+1 103
470 920
241 408
-1 204
+2 204
+2 303
+10 294
-7 980
+2 196
+1 392
-1 588
+1 294
cfn=(170)
calls=98 132 
* 15601
+1 490
+11 1316
+6 1129
+2 2660
-2 665
+2 665
-2 665
+4 4690
cfn=(170)
calls=670 132 
* 21882
+1 3355
-10 115
fi=(43) /usr/src/debug/glibc-2.17-c758a686/elf/../sysdeps/generic/dl-hash.h
32 115
-1 115
+1 575
+2 230
+1 345
+2 230
+1 345
+2 230
+1 345
+2 109
+1 109
-1 109
+2 327
+3 2838
+1 1892
+13 1892
-17 2838
+22 654
fe=(6)
263 218
fi=(43)
67 30
fe=(6)
263 12

fn=(164)
716 1380
477 115
716 230
477 345
-1 230
+2 115
-1 115
+1 345
-1 345
+1 1400
-1 1400
+1 4200
-1 4430
718 115
+4 115
+9 115
-13 115
+15 115
-14 230
+14 115
-2 115
+6 920
+2 1495
cfn=(166)
calls=115 82 
* 98749
+3 230
+3 12
-8 48
-7 230
+40 230
+24 103
+1 721
+26 103
+9 515
+14 309
+3 412
+5 103
+2 920
-82 84
+18 12
+1 24
+54 2

fl=(30)
fn=(90)
26 6
+9 6
+1 12
+1 6
+4 6
+1 6
+1 6
+1 6
+1 6
+2 12
+2 6
+1 6
+1 6
+2 12
+2 6
+4 6
+1 6

fl=(15)
fn=(32)
62 44
+1 4
-1 8
+1 4
cfi=(10)
cfn=(20)
calls=4 -35 
* 228
+6 4
-6 12
+6 44
+7 16
cfi=(17)
cfn=(36)
calls=4 +26 
* 225
* 4
+3 4
-3 4
+3 4
+4 4
+5 4
-6 4
+6 4
-5 4
+5 4
-1 8
+1 4
cfi=(18)
cfn=(46)
calls=4 -27 
* 120
* 4
+4 4
-2 4
+3 4
-1 4
+1 16
+3 4
-3 4
+3 4
+9 4
-7 4
+4 4
+3 9
+2 2
-2 2
+2 30
-2 30
+12 4
+6 4
-5 4
-1 4
+6 12
-2 4
+2 8
+2 9
+3 9
+4 9
+4 9
+2 1
+6 1
+3 2
+3 5
-3 6
+3 15
+2 3
+4 3
-4 3
cfi=(10)
cfn=(20)
calls=3 28 
* 165
* 6
+4 3
-4 3
+4 9
+64 6
+4 32
-88 9
-39 9
+39 3
+70 9
cfi=(18)
cfn=(68)
calls=3 61 
* 108
* 3
+5 50
+1 50
-1 50
+1 53
-1 3
+1 9
+5 6
-57 6
cfi=(17)
cfn=(40)
calls=3 -67 
* 102
* 3
+1 3
-1 3
+1 9

fn=(48)
33 8
+2 4
-2 12
+2 4
cfi=(2)
cfn=(50)
calls=4 917 
* 8
+2 29
+4 6
-1 27
+2 3
+2 3
+4 3
+4 3
-4 6
+1 6
+1 6
+2 3
+1 9
-1 3
cfi=(2)
cfn=(52)
calls=3 923 
* 6
-4 1
+4 1
-4 2
+1 2
+1 2
+2 1
+1 3
-1 1
cfi=(2)
cfn=(52)
calls=1 923 
* 2
-5 2

fl=(13)
fn=(28)
30 3
+3 11
+2 90
+11 43
-13 129
-2 1
+19 1
-14 20
+5 2
-3 2
+3 2
+2 2

fl=(21)
fn=(60)
45 7
+2 3
+85 8
-45 3
cfi=(22)
cfn=(62)
calls=1 -6 
* 5
* 1
+15 1
-15 1
+20 1
-1 1
+3 12
+4 3
-2 6
+2 10
+2 1
+1 2
-3 4
+7 3
-1 3
+4 3
-2 3
+2 10
+5 2

fl=(23)
fn=(64)
710 1
+15 2
-15 8
+15 3
cfi=(24) /usr/src/debug/glibc-2.17-c758a686/elf/dl-hwcaps.c
cfn=(66) _dl_important_hwcaps
calls=1 39 
* 346
+5 1
-5 1
+5 1
cfi=(17)
cfn=(40)
calls=1 93 
* 34
* 1
+1 1
-1 1
-1 1
+2 1
+8 1
-1 1
+1 1
-1 4
+5 4
cfi=(17)
cfn=(40)
calls=1 93 
* 34
* 1
+2 1
-2 1
-1 1
+3 1
+7 1
+10 1
+9 1
-20 1
+12 1
-1 1
+3 1
+1 1
-1 1
+6 9
+1 10
+2 2
-12 1
+12 1
-14 1
+2 1
+3 1
-2 1
+3 1
-1 8
+1 3
+6 11
-1 2
+14 1
-11 1
+6 1
+1 1
+5 2
+4 3
+32 4
+8 3
cfi=(25)
cfn=(70)
calls=1 40 
* 83
* 2
+2 2
cfi=(10)
cfn=(20)
calls=1 28 
* 57
* 17
cfi=(18)
cfn=(46)
calls=1 61 
* 31
* 1
+17 3
-1 2
+3 1
+1 3
+1 1
-4 3
+2 26
+1 78
+1 26
-4 79
+8 1
cfi=(17)
cfn=(40)
calls=1 93 
* 34
* 1
+1 1
-2 1
+2 1
+6 7
cfn=(72) fillin_rpath
calls=1 489 
* 920
+4 3
+6 1
+4 8
-72 1
-2 1
+2 2
+11 2
-46 2
+61 4

fn=(94)
2094 6
+12 12
-12 6
+12 6
-12 54
+12 6
-12 12
+12 12
+12 30
-12 45
+5 54
+1 36
+2 54
cfi=(31)
cfn=(96)
calls=18 304 
* 1245
* 39
2399 48
2141 6
+11 12
-56 6
+92 6
-2 3
+2 3
cfi=(25)
cfn=(70)
calls=3 40 
* 175
* 6
2330 6
cfn=(98) expand_dynamic_string_token
calls=1 419 
* 390
+1 1
-3 1
+4 1
-1 2
+4 6
cfn=(100) open_verify
calls=1 1681 
* 328
+3 1
-3 1
+3 1
+12 9
+2 6
+44 3
+1 21
-1 3
+1 15
cfn=(106) _dl_map_object_from_fd
calls=3 916 
* 6576
* 3
2192 4
cfi=(10)
cfn=(20)
calls=2 28 
* 121
* 2
+2 2
-2 2
+2 2
+7 8
+35 4
+1 30
cfn=(128) open_path
calls=2 1945 
* 1872
* 6
+6 12
687 2
2244 2
687 4
2322 4
-97 10
+21 4
+6 8
+2 6
+4 4
cfi=(39)
cfn=(132)
calls=2 185 
* 3222
+2 2
-2 2
+2 2
+5 6
+8 4
+28 20
cfn=(100)
calls=2 1681 
* 1218
+3 2
-3 2
+3 4
+1 4
-79 14
687 2
2227 2
687 4
2205 2
+8 10
-7 4
-1 2
+8 16
-3 6
687 2
2211 2
687 4
2119 45
+3 6
+2 6
-1 12
+1 6
cfi=(19)
cfn=(54)
calls=6 134 
* 105
* 12

fn=(128)
1945 16
+1 2
-1 10
+7 2
-7 2
+1 2
+6 4
+5 34
+74 2
-74 2
-7 2
-1 2
+82 2
-22 2
-52 2
+52 8
-40 2
-9 2
+9 4
-9 2
+9 2
+7 16
cfi=(18)
cfn=(68)
calls=4 61 
* 116
+1 4
-1 4
+1 12
-13 8
+33 16
-20 38
+3 32
+4 80
cfi=(18)
cfn=(68)
calls=10 61 
* 198
* 40
cfi=(18)
cfn=(68)
calls=10 61 
* 230
* 10
+3 10
+3 20
+3 70
cfn=(100)
calls=10 1681 
* 400
* 10
+2 30
+26 8
+2 6
+36 2
+27 16
-84 16
+1 72
+6 16
+2 24
-2 8
+2 8
cfi=(38)
cfn=(130)
calls=8 36 
* 98
* 16
+1 2
+2 2
-2 2
+2 16
+7 4
-44 4
+37 12
+7 12
-44 14
+85 20
+7 4
-2 4
+2 12
+3 6
+14 6
-72 12

fn=(106)
916 33
+11 3
-11 3
+11 3
-11 9
+11 3
cfi=(26)
cfn=(76)
calls=3 51 
* 24
+4 9
-4 3
+4 3
cfi=(33)
cfn=(110)
calls=3 36 
* 30
* 6
+11 21
+1 9
-1 27
+1 36
461 3
1633 24
960 6
+25 6
+10 6
+22 3
-89 3
+89 9
+35 21
cfi=(15)
cfn=(32)
calls=3 62 
* 1477
+1 3
-1 3
+1 3
+11 6
+5 3
-5 3
+1 6
+1 3
+2 3
-2 3
+2 12
+1 9
+1 3
+24 57
+8 3
-8 6
+8 3
-8 9
+8 3
+99 3
1095 3
1201 3
1096 3
-11 3
1201 6
+8 12
1103 45
-1 184
+1 133
+6 6
+1 9
+1 3
+9 30
+6 12
+1 6
-1 24
+7 24
+11 6
+2 6
-1 6
+4 6
-5 6
+1 6
-1 12
+2 6
-1 6
+2 6
+3 6
+4 6
-9 6
+2 6
+1 6
+1 6
+1 6
+4 6
+1 9
+5 6
-16 3
+16 15
+10 3
-10 6
-16 3
+16 15
+10 3
+3 3
+5 1
-1 1
+3 1
-1 1
-1 1
+1 1
+3 3
+1 2
+3 2
+4 4
+6 1
cfi=(27)
cfn=(140) _dl_next_tls_modid
calls=1 52 
* 6
* 2
+1 1
+60 6
+1 9
+1 3
-6 6
+1 3
1114 2
+1 7
1262 9
+13 24
+2 6
+14 3
+5 18
cfi=(34)
cfn=(112)
calls=3 32 
* 105
+4 3
-4 3
+4 3
+7 3
+1 3
-1 3
+1 3
+2 3
-3 3
+1 3
+2 3
+10 3
+2 3
+33 18
+1 9
+2 12
+8 24
+6 3
+2 3
-2 3
+1 3
+2 3
-1 3
+1 3
-1 9
+8 6
+3 6
+11 21
cfi=(36)
cfn=(116)
calls=3 30 
* 1998
+1 15
+5 6
+15 6
-74 30
+2 12
+2 24
cfi=(34)
cfn=(112)
calls=3 32 
* 93
* 6
1065 3
1421 12
+9 6
fi=(3)
38 3
fe=(23)
1430 3
fi=(3)
38 3
+6 3
-2 3
+2 6
+7 3
+5 3
+3 3
-1 3
-3 3
-3 66
+10 15
-18 45
+8 58
+10 58
-18 174
+18 2
-18 6
+2 150
+5 68
+2 8
+16 6
+20 12
+1 12
+1 12
+1 12
+2 12
+5 12
+1 11
+1 11
+35 9
+5 2
+2 2
-2 2
+2 2
+2 4
+2 4
+1 1
+2 9
+10 2
-8 4
+9 4
-1 2
+5 4
+1 2
+2 6
fe=(23)
1436 6
+16 9
+19 6
+2 15
+51 9
+1 2
+3 2
cfi=(32)
cfn=(120)
calls=1 81 
* 5
* 4
cfi=(32)
cfn=(120)
calls=2 81 
* 10
* 6
+8 15
+3 9
+2 3
-2 3
+2 3
+16 6
cfi=(6)
cfn=(10)
calls=3 865 
* 60
+4 6
+1 6
+17 6
+1 1
+3 1
+6 1
-6 1
+1 2
+5 1
-6 2
+6 2
-6 2
+1 4
+5 2
+10 6
+10 9
cfi=(15)
cfn=(48)
calls=3 33 
* 132
+4 9
fi=(3)
56 8
fe=(23)
1317 3
-1 15
cfi=(35)
cfn=(114)
calls=3 81 
* 15
* 3
fi=(3)
59 8
+1 2
+1 8
fe=(23)
1359 10
+2 2
-1 6
+1 4
-1 2
+1 4
-1 4
+3 8
+43 8
cfi=(34)
cfn=(112)
calls=1 32 
* 31
+3 2
1536 6
937 2

fn=(72)
489 7
+2 1
-2 9
+4 3
cfi=(17)
cfn=(74)
calls=1 340 
* 243
* 6
cfi=(17)
cfn=(74)
calls=2 340 
* 207
* 9
+3 4
cfi=(10)
cfn=(20)
calls=2 28 
* 89
+4 2
-4 2
+4 2
+7 12
+12 25
+1 10
+18 4
+4 6
+1 6
-1 2
+1 2
-2 2
cfi=(17)
cfn=(40)
calls=2 93 
* 68
* 2
+3 2
-3 2
+3 6
+5 2
+1 6
-2 2
+2 2
cfi=(18)
cfn=(68)
calls=2 61 
* 58
+3 2
-3 2
+3 2
-2 2
+2 2
+1 1
+5 4
+1 2
-1 4
+1 26
+1 20
+3 2
-1 4
+1 2
+7 2
+1 2
+3 6
-68 4
+5 4
+3 6
+23 4
+42 1
+3 9
-14 4

fn=(100)
1681 130
+36 13
-36 26
+36 26
+21 52
cfi=(32)
cfn=(102)
calls=13 81 
* 105
+1 13
-1 13
+1 13
+10 3
+1 6
+5 18
cfi=(32)
cfn=(104)
calls=3 81 
* 15
+2 6
+2 3
+2 3
-2 3
+2 3
-2 3
+8 6
+16 15
cfi=(14)
cfn=(30)
calls=3 319 
* 258
* 6
+2 3
-2 6
+4 12
cfi=(14)
cfn=(30)
calls=3 319 
* 240
-4 6
+60 6
+5 6
+3 12
+5 6
+7 3
+1 3
-1 12
+1 9
+1 3
+15 127
+1 42
+4 8
+1 4
+13 2
+1 2
+2 2
-3 2
+1 2
-1 2
+1 2
-2 2
+4 4
+5 2
+1 2
-13 8
cfi=(14)
cfn=(30)
calls=2 319 
* 146
* 8
cfi=(14)
cfn=(30)
calls=2 319 
* 160
* 8
+16 4
+6 2
-3 2
+1 2
+1 2
+1 4
+1 8
-4 2
+1 2
+1 2
-1 6
-1 2
+4 4
+5 10
+8 96
1814 1
1931 8
1783 8
cfi=(14)
cfn=(30)
calls=2 319 
* 176
* 4

fn=(98)
419 9
+10 2
-10 1
+10 1
cfi=(25)
cfn=(70)
calls=1 40 
* 169
* 2
161 2
cfi=(10)
cfn=(20)
calls=1 28 
* 97
* 1
+1 2
cfi=(17)
cfn=(40)
calls=1 -69 
* 34
* 1
+2 2
444 1
167 2
444 6
167 2
cfi=(18)
cfn=(46)
calls=1 61 
* 56

fl=(34)
fn=(112)
32 11
+1 11
-1 99
+1 27
+1 110
+2 77
-3 26

fl=(60)
fn=(224)
90 10
+5 1
-4 1
-1 1
+2 1
+3 2
+7 6
+28 3
+1 4
-97 3
+97 16
-97 12
+9 4
-3 8
+3 12
+5 9
+5 4
+8 4
+2 4
+4 8
cob=(2)
cfi=(16)
cfn=(258)
calls=1 -67 
* 6
cob=(3)
cfi=(62)
cfn=(238)
calls=1 -15 
* 148
+4 2
+1 4
+6 4
+2 4
-2 2
+3 12
+1 8
cob=(4)
cfi=(55)
cfn=(262) 0x00000000000056d0
calls=1 -82 
* 16
cob=(3)
cfi=(67)
cfn=(248)
calls=1 478 
* 1877
* 2
-1 8
+49 10
+4 1
+1 8
-86 4
-15 3
+9 1
-3 2
+3 3
+5 3
+5 2
+8 2
+2 2
+4 5
cob=(2)
cfi=(16)
cfn=(226)
calls=1 -67 
* 6
* 1
+4 1
+1 2
+6 2
+2 2
-2 1
+3 6
+1 4
cob=(5) /usr/sup/valgrind-3.11.0/lib/valgrind/vgpreload_core-amd64-linux.so
cfi=(61) ???
cfn=(230) 0x0000000000000640
calls=1 -82 
* 17
* 1
-1 4
+17 2
-54 3

fl=(9)
fn=(18)
39 1
+7 1
-7 5
+7 1
-7 1
+10 1
-3 1
+3 5
182 2
+1 7
+7 3
+4 2
+2 4
+41 2
+4 4
+1 2
+3 1
+2 1
-2 3
+2 2
+3 2
+51 1
+1 1
+1 1
+1 8
200 2
+1 1
+6 3
+5 3
+16 2
+3 2
60 1
-31 2
+4 1
-4 1
+5 1
-1 1
+31 1
-30 1
+30 1
-31 1
+27 2
-26 1
+30 1
+1 1
-36 2
+3 1
+28 1
+5 1
+5 1
-17 1
+17 1
+3 1
+1 8
+35 1
-56 1
+56 1
+22 1
-78 1
+78 2

fl=(26)
fn=(76)
51 10
+5 8
+5 2
-1 1
+1 2
+1 2
-1 2
-9 5
+4 10
+4 1
-1 1
-59 5

fn=(80)
75 2

fl=(71) /usr/src/debug/glibc-2.17-c758a686/elf/../elf/dl-runtime.c
fn=(282) _dl_fixup
68 18
+6 18
-6 9
+3 9
-1 9
+1 9
+3 9
+1 9
-1 18
+1 27
+1 9
-1 9
+1 18
+9 18
+4 27
+4 18
+1 36
+2 36
+7 27
-1 9
+11 81
cfi=(6)
cfn=(164)
calls=9 716 
* 10798
* 9
+4 27
+10 54
+16 9
-8 9
+8 27
+4 27
fi=(5)
+85 9
fe=(71)
-81 27

fl=(70) /usr/src/debug////////glibc-2.17-c758a686/elf/../sysdeps/x86_64/dl-trampoline.h
fn=(280) _dl_runtime_resolve_xsave
71 1
+3 1
+2 1
+10 1
+6 1
+1 1
+1 1
+1 1
+1 1
+1 1
+1 1
+4 1
+1 1
+3 1
+1 1
+2 1
+1 1
+1 1
+1 1
+1 1
+1 1
+2 1
+13 1
+1 1
+1 1
cfi=(71)
cfn=(282)
calls=1 -63 
* 1531
+1 1
+5 1
+1 1
+1 1
+2 1
+1 1
+1 1
+1 1
+1 1
+1 1
+1 1
+2 1
+2 1
+4 1
+3 1

fn=(281) _dl_runtime_resolve_xsave'2
71 8
+3 8
+2 8
+10 8
+6 8
+1 8
+1 8
+1 8
+1 8
+1 8
+1 8
+4 8
+1 8
+3 8
+1 8
+2 8
+1 8
+1 8
+1 8
+1 8
+1 8
+2 8
+13 8
+1 8
+1 8
cfi=(71)
cfn=(282)
calls=8 -63 
* 9888
+1 8
+5 8
+1 8
+1 8
+2 8
+1 8
+1 8
+1 8
+1 8
+1 8
+1 8
+2 8
+2 8
+4 8
+3 8

fl=(10)
fn=(20)
28 18
+1 18
+1 18
+1 18
+2 9
+1 9
+2 9
+1 9
-1 27
+1 27
+1 35
+1 35
+1 35
+2 34
+5 17
+1 17
+1 17
+1 17
+3 17
-6 6
+1 6
+1 6
+1 6
+3 6
+1 19
+1 19
+1 19
+2 19
+3 15
+1 15
+1 15
+1 15
+3 15
+1 14
+1 14
+1 14
+2 14
+3 11
+1 11
+1 11
+1 11
+3 11
+1 7
+1 7
+1 7
+2 7
+3 7
+1 7
+1 7
+1 7
+3 7
+1 7
+1 7
+1 7
+2 8
+3 1
+2 1
+1 1
-3 16
+2 16
+1 16
+1 13
+2 13
+1 13
+1 12
+2 12
+1 12
+1 10
+2 10
+1 10
+1 5
+2 5
+2 5
+1 5
+1 4
+2 4
+1 4
+1 1
+2 1
+1 1
+3 18
+1 18

fl=(27)
fn=(214)
443 7
+1 1
-1 1
+1 1
+4 1
+6 2
-6 2
+6 2
+12 1
-15 1
-1 2
+21 6
+6 12
+3 1
+1 2
+7 1
+2 1
-2 2
+2 3
+1 1
+3 2
-1 2
+18 1
-2 1
-8 1
+8 2
-8 1
+8 1
cfi=(18)
cfn=(68)
calls=1 61 
* 23
* 4
cfi=(36)
cfn=(116)
calls=1 30 
* 150
* 2
-38 3
+52 2
+2 1
+1 8

fn=(188)
879 6
+6 1
+3 2
+5 5
+41 1
+1 3
+1 6

fn=(140)
52 3
+48 2
+4 1

fn=(156)
349 1
+13 1
-13 2
+2 1
+11 2
cfi=(17)
cfn=(44)
calls=1 51 
* 78
* 1
+1 1
-1 1
+1 1
+7 1
+4 306
-58 1
+1 1
-1 1
+1 2
cfi=(17)
cfn=(36)
calls=1 102 
* 43
* 1
+1 2
+9 1
-6 1
+6 1
+64 5

fn=(154)
144 1
+34 1
-34 1
+34 2
-45 1
+1 1
+2 1
-3 1
+2 1
-2 1
+43 1
-43 2
+50 1
-1 1
+5 2
-4 1
-1 1
+7 1
-7 1
+3 2
+2 1
+2 1
-2 2
+16 5
+2 1
+1 1
-1 2
+4 1
+6 1
-12 1
-25 5
+40 1
+53 4
-1 1
+1 3
-52 1
+52 1

fn=(78)
111 2
+1 2

fl=(35)
fn=(220)
81 4
+1 1

fn=(114)
81 32
+1 8

fl=(24)
fn=(66)
39 8
+2 1
-2 1
+3 1
-3 2
+3 1
-3 1
+2 3
+1 2
+9 1
-10 1
+10 2
+10 4
+42 1
+3 17
+1 1
-1 4
+30 2
+8 2
+2 3
+1 2
+1 2
+3 2
+7 1
-7 1
+1 1
+7 1
-1 1
+4 3
+1 1
-1 6
+1 1
+18 12
+1 4
cfi=(17)
cfn=(40)
calls=1 -89 
* 34
* 1
+1 1
-1 1
+1 4
+26 1
+3 1
-3 2
+3 1
+28 9
+1 2
-1 2
+1 6
-1 8
+5 6
+3 1
-3 1
+3 2
-3 1
+3 1

ob=(4)
fl=(59)
fn=(206)
25 1
+1 1
+1 1
+1 1
+2 1

fl=(52)
fn=(192)
20 8

fl=(58)
fn=(204)
25 1
+1 1
+1 1
+1 1
+2 1

fl=(51)
fn=(190)
15 8

fl=(56)
fn=(200)
25 1
+1 1
+1 1
+1 1
+2 1

fl=(55)
fn=(210)
0 8

fn=(198)
0 8

fn=(262)
0 16

fn=(212)
0 8

ob=(1)
fl=(24)
fn=(66)
245 2
+3 1
-3 1
+3 2
-3 1
+3 3
+1 12
+1 4
-1 4
+1 8
-2 4
+1 8
-1 14
+4 4
+3 1
+2 2
-1 1
-1 2
+2 10
+13 2
+1 1
-1 1
+3 2
-3 2
+1 1
-1 1
+3 2
+3 3
+3 9
-65 4
cfi=(18)
cfn=(68)
calls=1 61 
* 22
+1 2
-1 2
+1 1
cfi=(18)
cfn=(68)
calls=1 61 
* 22
* 4

fl=(19)
fn=(54)
134 632
+1 632
+1 632
+1 346
+1 346
+1 346
+1 346
cfn=(55) strcmp'2
calls=346 -6 
* 13279
+5 286
+1 286
+1 286
+1 286

fn=(55)
134 1855
+1 1855
+1 1855
+1 1656
+1 1656
+1 1656
+1 1656
cfn=(55)
calls=1509 -6 
* 62766
+2 147
+1 147
+2 199
+1 199
+1 199
+1 199

ob=(4)
fl=(53)
fn=(194)
25 1
+1 1
+1 1
+1 1
+2 1

fl=(57)
fn=(202)
10 5

fn=(208)
16 5

fl=(54)
fn=(196)
8 5

ob=(5)
fl=(61)
fn=(230)
0 17

ob=(6)
fl=(90) /h/apantu01/comp40/UM_Hayden/instruction_driver.c
fn=(478) nand
271 8017576
+6 1145368
cfi=(101) /h/apantu01/comp40/UM_Hayden/decode.c
cfn=(468) get_regb
calls=1145368 98 
* 2290736
* 3436104
cfi=(92) /h/apantu01/comp40/UM_Hayden/register.c
cfn=(470) reg_get
calls=1145368 75 
* 27488832
+1 1145368
-1 1145368
+1 1145368
cfi=(101)
cfn=(472) get_regc
calls=1145368 110 
* 2290736
* 3436104
cfi=(92)
cfn=(470)
calls=1145368 75 
* 27488832
+4 1145368
-4 1145368
+4 1145368
cfi=(101)
cfn=(462) get_rega
calls=1145368 85 
* 2290736
+1 1145368
-1 4581472
+1 4581472
-1 2290736
cfi=(92)
cfn=(464) reg_put
calls=1145368 60 
* 28634200

fn=(484) activate
310 2184630
+4 364105
cfi=(101)
cfn=(472)
calls=364105 110 
* 728210
* 1092315
cfi=(92)
cfn=(470)
calls=364105 75 
* 8738520
+1 1092315
cfi=(93) /h/apantu01/comp40/UM_Hayden/memory.c
cfn=(486) map_segment
calls=364105 67 
* 243757331
+2 364105
-2 364105
+2 364105
cfi=(101)
cfn=(468)
calls=364105 98 
* 728210
* 1092315
+1 1092315
-1 364105
cfi=(92)
cfn=(464)
calls=364105 60 
* 9102625

fn=(512) divide
251 235810
+4 47162
cfi=(101)
cfn=(468)
calls=47162 98 
* 94324
* 141486
cfi=(92)
cfn=(470)
calls=47162 75 
* 1131888
+1 47162
-1 47162
+1 47162
cfi=(101)
cfn=(472)
calls=47162 110 
* 94324
* 141486
cfi=(92)
cfn=(470)
calls=47162 75 
* 1131888
+2 47162
-2 47162
+2 235810
cfi=(101)
cfn=(462)
calls=47162 85 
* 94324
* 141486
+1 141486
-1 47162
cfi=(92)
cfn=(464)
calls=47162 60 
* 1179050

fn=(362) driver
34 1
+3 3
cfn=(364) init_um
calls=1 +15 
* 1996420
+2 3
cfn=(450) run
calls=1 +47 
* 4933441676

fn=(364)
52 10
fi=(107) /usr/include/sys/stat.h
456 1
fe=(90)
52 1
fi=(107)
456 2
cob=(1)
cfi=(70)
cfn=(281)
calls=1 71 
* 1298
* 5
fe=(90)
55 1
+3 2
cfi=(92)
cfn=(372) init_arr
calls=1 -27 
* 3563
* 1
-2 1
+3 1
-3 3
+3 1
cfi=(93)
cfn=(394) init_segments
calls=1 -18 
* 1582
+3 1
-3 1
+3 1
cob=(3)
cfi=(79)
cfn=(324)
calls=1 2888 
* 181
* 1
+1 1
-1 1
+1 1
+1 5
cob=(1)
cfi=(70)
cfn=(281)
calls=1 +7 
* 2476
* 5
+1 2
+6 4
fi=(100) /usr/include/bits/byteswap.h
-24 1
fe=(90)
+25 3
-1 2
fi=(100)
-24 1
fe=(90)
+25 1
cfi=(93)
cfn=(444) mem_put
calls=1 +32 
* 56
fi=(100)
-25 30109
fe=(90)
+25 90327
-1 60218
fi=(100)
-24 30109
fe=(90)
+25 30109
cfi=(93)
cfn=(444)
calls=30109 +32 
* 1686104
-1 60220
+2 8

fn=(458) loadv
419 42031625
+1 8406325
cfi=(101)
cfn=(460) get_val
calls=8406325 123 
* 16812650
* 25218975
cfi=(101)
cfn=(462)
calls=8406325 85 
* 16812650
+1 8406325
-1 25218975
+1 16812650
-1 8406325
cfi=(92)
cfn=(464)
calls=8406325 60 
* 210158125

fn=(474) sstore
192 33304928
+5 4163116
cfi=(101)
cfn=(462)
calls=4163116 85 
* 8326232
* 12489348
cfi=(92)
cfn=(470)
calls=4163116 75 
* 99914784
+1 4163116
-1 4163116
+1 4163116
cfi=(101)
cfn=(468)
calls=4163116 98 
* 8326232
* 12489348
cfi=(92)
cfn=(470)
calls=4163116 75 
* 99914784
+1 4163116
-1 4163116
+1 4163116
cfi=(101)
cfn=(472)
calls=4163116 -89 
* 8326232
* 12489348
cfi=(92)
cfn=(470)
calls=4163116 75 
* 99914784
+2 4163116
-1 12489348
+1 16652464
-1 8326232
cfi=(93)
cfn=(444)
calls=4163116 -96 
* 233134496

fn=(476) sload
170 40075752
+4 5009469
cfi=(101)
cfn=(468)
calls=5009469 -76 
* 10018938
* 15028407
cfi=(92)
cfn=(470)
calls=5009469 -99 
* 120227256
+1 5009469
-1 5009469
+1 5009469
cfi=(101)
cfn=(472)
calls=5009469 -65 
* 10018938
* 15028407
cfi=(92)
cfn=(470)
calls=5009469 75 
* 120227256
+1 20037876
cfi=(93)
cfn=(452) mem_get
calls=5009469 -54 
* 255482919
+2 5009469
-2 5009469
+2 5009469
cfi=(101)
cfn=(462)
calls=5009469 -93 
* 10018938
+1 5009469
-1 10018938
+1 20037876
-1 10018938
cfi=(92)
cfn=(464)
calls=5009469 60 
* 125236725

fn=(510) mul
231 163065
+4 32613
cfi=(101)
cfn=(468)
calls=32613 98 
* 65226
* 97839
cfi=(92)
cfn=(470)
calls=32613 75 
* 782712
+1 32613
-1 32613
+1 32613
cfi=(101)
cfn=(472)
calls=32613 110 
* 65226
* 97839
cfi=(92)
cfn=(470)
calls=32613 75 
* 782712
+2 97839
cfi=(101)
cfn=(462)
calls=32613 85 
* 65226
* 65226
+2 32613
-2 32613
+2 65226
-2 32613
cfi=(92)
cfn=(464)
calls=32613 60 
* 815325

fn=(450)
86 2
+6 1
-6 3
+6 2
+11 42560810
+2 32541872
+2 24215640
+2 22573936
+2 22508710
+2 22414386
+2 20123650
+2 20123650
+2 19395440
+2 18670732
+2 18670548
+2 18670548
+2 16812650
+4 20351456
-36 62697763
+1 65984553
cfi=(93)
cfn=(452)
calls=21994851 +26 
* 1121737401
* 3
cfi=(93)
cfn=(452)
calls=1 +26 
* 51
+2 43989704
cfi=(101)
cfn=(454) unpack
calls=21994852 +33 
* 340287180
+1 21994851
-1 21994851
+1 21994851
cfi=(101)
cfn=(456) get_opcode
calls=21994851 -26 
* 43989702
+2 21994851
-2 21994851
+2 21994851
+1 2143338
cfn=(482) cmov
calls=714446 +45 
* 72632798
+29 714446
-36 1428892
+9 20037876
cfn=(476)
calls=5009469 +66 
* 821552916
* 5009469
+2 16652464
cfn=(474)
calls=4163116 +86 
* 699403488
* 4163116
+2 2462556
cfn=(480) add
calls=820852 212 
* 85368608
* 820852
+2 97839
cfn=(510)
calls=32613 231 
* 3391752
* 32613
+2 141486
cfn=(512)
calls=47162 251 
* 5093496
* 47162
+2 3436104
cfn=(478)
calls=1145368 271 
* 125990480
* 1145368
+4 1456420
cfn=(484)
calls=364105 310 
* 271429311
* 364105
+2 1449416
cfn=(514) inactivate
calls=362354 331 
* 164509809
* 362354
+2 276
cfn=(536) output
calls=92 348 
* 13736
* 92
+4 4644745
cfn=(466) loadp
calls=928949 395 
* 74315920
* 928949
+2 25218975
cfn=(458)
calls=8406325 419 
* 378284625
* 8406325

fn=(466)
395 8360541
+4 928949
cfi=(101)
cfn=(468)
calls=928949 98 
* 1857898
* 2786847
cfi=(92)
cfn=(470)
calls=928949 75 
* 22294776
+1 928949
-1 928949
+1 928949
cfi=(101)
cfn=(472)
calls=928949 110 
* 1857898
* 2786847
cfi=(92)
cfn=(470)
calls=928949 75 
* 22294776
+2 1857898
+6 928949
-5 928949
+5 4644745

fn=(482)
147 3572230
+4 714446
cfi=(101)
cfn=(468)
calls=714446 -53 
* 1428892
* 2143338
cfi=(92)
cfn=(470)
calls=714446 -76 
* 17146704
+1 714446
-1 714446
+1 714446
cfi=(101)
cfn=(472)
calls=714446 -42 
* 1428892
* 2143338
cfi=(92)
cfn=(470)
calls=714446 -77 
* 17146704
+2 1428892
+3 298004
-2 1279890
cfi=(101)
cfn=(462)
calls=639945 -70 
* 1279890
* 1919835
+2 1919835
-2 639945
cfi=(92)
cfn=(464)
calls=639945 -95 
* 15998625

fn=(536)
348 184
+3 92
cfi=(101)
cfn=(472)
calls=92 110 
* 184
* 276
cfi=(92)
cfn=(470)
calls=92 75 
* 2208
+1 184
+3 92
fi=(108) /usr/include/bits/stdio.h
81 276
cob=(3)
cfi=(103)
cfn=(542)
calls=91 -54 
* 8508
cob=(1)
cfi=(70)
cfn=(281)
calls=1 -10 
* 1636
* 96
fe=(90)

fn=(480)
212 4104260
+4 820852
cfi=(101)
cfn=(468)
calls=820852 98 
* 1641704
* 2462556
cfi=(92)
cfn=(470)
calls=820852 75 
* 19700448
+1 820852
-1 820852
+1 820852
cfi=(101)
cfn=(472)
calls=820852 110 
* 1641704
* 2462556
cfi=(92)
cfn=(470)
calls=820852 75 
* 19700448
+2 2462556
cfi=(101)
cfn=(462)
calls=820852 85 
* 1641704
* 2462556
+1 2462556
-1 820852
cfi=(92)
cfn=(464)
calls=820852 60 
* 20521300

fn=(514)
331 1811770
+3 362354
cfi=(101)
cfn=(472)
calls=362354 110 
* 724708
* 1087062
cfi=(92)
cfn=(470)
calls=362354 75 
* 8696496
+2 362354
-1 724708
+1 724708
-1 362354
cfi=(93)
cfn=(516) unmap_segment
calls=362354 174 
* 149653295

fl=(77)
fn=(312)
12 3
+1 2
+5 4
cob=(1)
cfi=(70)
cfn=(281)
calls=1 +53 
* 59621
* 5
+1 1
-1 1
+1 1
+1 3
cfi=(90)
cfn=(362)
calls=1 +14 
* 4935438103

fl=(93)
fn=(444)
104 20966130
+4 8386452
cfi=(69)
cfn=(446) Seq_get
calls=4193226 0 
* 96444198
+1 12579678
cfi=(69)
cfn=(392) UArray_at
calls=4193226 0 
* 75478068
+1 4193226
+1 16772904

fn=(486)
67 2184630
+4 1092315
-4 364105
+4 364105
cfi=(69)
cfn=(378) UArray_new
calls=364105 -71 
* 125313108
+2 364105
-2 364105
+2 728210
+1 728210
-1 364105
+1 364105
cfi=(69)
cfn=(392)
calls=364105 -74 
* 6553890
* 3639248
-1 1819624
+1 1819624
cfi=(69)
cfn=(392)
calls=1819624 -74 
* 32753232
-1 2183729
+2 2183729
-2 2183729
+5 728210
cfi=(69)
cfn=(488) Stack_empty
calls=364105 -78 
* 3276945
* 728210
+9 686348
cfi=(69)
cfn=(534) Stack_pop
calls=343174 -87 
* 38431192
+1 1029522
-1 343174
+1 343174
cfi=(69)
cfn=(518) Seq_put
calls=343174 -88 
* 9608872
+3 343174
-2 343174
+2 1715870
-12 62793
cfi=(69)
cfn=(402) Seq_addhi
calls=20931 -79 
* 560386
+1 20931
+1 41862
+10 125586

fn=(452)
122 27004321
+4 27004321
-4 27004321
+4 27004321
cfi=(69)
cfn=(446)
calls=27004321 0 
* 621099383
+1 81012963
cfi=(69)
cfn=(392)
calls=27004321 0 
* 486077778
+4 27004321
-2 27004321
+2 27004321

fn=(516)
174 1811770
+3 724708
cfi=(69)
cfn=(446)
calls=362354 0 
* 8334142
+1 1087062
-1 362354
+1 362354
cfi=(69)
cfn=(518)
calls=362354 0 
* 10145912
+1 724708
cfi=(69)
cfn=(520) UArray_free
calls=362354 0 
* 74283663
+2 1087062
cfi=(69)
cfn=(532) Stack_push
calls=362354 0 
* 49280144
+1 1449416

fn=(394)
41 3
+3 1
-3 1
+3 1
cob=(3)
cfi=(79)
cfn=(324)
calls=1 2888 
* 188
* 1
+1 1
-1 1
+1 1
+1 3
cfi=(69)
cfn=(378)
calls=1 -46 
* 585
+2 4
cfi=(69)
cfn=(398) Seq_seq
calls=1 -48 
* 567
+1 1
-1 1
+2 1
cfi=(69)
cfn=(404) Stack_new
calls=1 -50 
* 216
* 1
+3 5

fl=(101)
fn=(462)
85 20264850
+1 20264850

fn=(454)
131 43989704
-79 21994852
-2 21994852
+3 21994852
-1 21994852
+4 40765578
+1 13588526
+1 13588526
-1 13588526
+1 13588526
-1 27177052
+5 27177052
-9 8406326
+1 8406326
-1 8406326
+1 8406326
-1 8406326
+9 16812652

fn=(460)
123 8406325
+1 8406325

fn=(472)
110 13588526
+1 13588526

fn=(456)
73 21994851
+1 21994851

fn=(468)
98 13226080
+1 13226080

fl=(92)
fn=(464)
60 16465839
+2 16465839
-2 16465839
+2 16465839
cfi=(69)
cfn=(392)
calls=16465839 -62 
* 296385102
+1 16465839
+1 32931678

fn=(470)
75 30613617
+2 61227234
cfi=(69)
cfn=(392)
calls=30613617 -77 
* 551045106
+1 30613617
+1 61227234

fn=(372)
31 2
+7 1
-7 1
+7 1
cob=(1)
cfi=(70)
cfn=(281)
calls=1 +33 
* 1452
* 5
+1 1
-1 1
+1 1
+2 2
+2 1
-2 1
cfi=(69)
cfn=(378)
calls=1 -41 
* 1887
* 10
+3 7
-1 7
+1 7
cfi=(69)
cfn=(392)
calls=7 -44 
* 126
* 1
-1 1
+1 1
cfi=(69)
cfn=(392)
calls=1 -44 
* 18
-1 8
+2 8
-2 8
+6 5

fl=(69)
fn=(380) Mem_alloc
0 7991093
cob=(3)
cfi=(79)
cfn=(324)
calls=726463 2888 
0 72369130
0 726463
0 5085241

fn=(382) Mem_calloc
0 5825728
cob=(3)
cfi=(79)
cfn=(388)
calls=364107 3183 
0 50590762
cob=(1)
cfi=(70)
cfn=(281)
calls=1 71 
0 1592
0 364112
0 2912864

fn=(378)
0 3641070
cfn=(380)
calls=364107 0 
0 44138458
0 2912856
cfn=(382)
calls=364107 0 
0 59694809
0 1820535
cfn=(390) UArrayRep_init
calls=364107 0 
0 10923210
0 2184642

fn=(390)
0 10923240

fn=(400) Seq_new
0 11
cfn=(382)
calls=1 0 
0 249
0 8
cfn=(380)
calls=1 0 
0 198
0 5
cfn=(390)
calls=1 0 
0 30
0 5

fn=(298) 0x0000000000400c60
0 17

fn=(520)
0 3985894
cfn=(522) Mem_free
calls=362354 0 
0 33700015
0 1811770
cfn=(522)
calls=362354 0 
0 33698922
0 1087062

fn=(446)
0 725877723

fn=(492) UArray_resize
0 220
cfn=(494) Mem_resize
calls=11 0 
0 36616
0 66

fn=(494)
0 176
cob=(3)
cfi=(79)
cfn=(500)
calls=10 2958 
0 34730
cob=(1)
cfi=(70)
cfn=(281)
calls=1 71 
0 1607
0 15
0 88

fn=(398)
0 11
cfn=(400)
calls=1 0 
0 506
0 18
cfn=(402)
calls=1 0 
0 25
0 7

fn=(404)
0 5
cfn=(380)
calls=1 0 
0 207
0 4

fn=(488)
0 3276945

fn=(522)
0 3203646
cob=(3)
cfi=(79)
cfn=(528)
calls=1067881 2924 
0 95036929
cob=(1)
cfi=(70)
cfn=(281)
calls=1 71 
0 1362
0 1067886

fn=(272)
0 11
cob=(1)
cfi=(70)
cfn=(280)
calls=1 71 
0 4935499523
0 5

fn=(402)
0 523322
cfn=(490) expand
calls=11 0 
0 37056
0 33

fn=(518)
0 19754784

fn=(392)
0 1448293320

fn=(490)
0 77
cfn=(492)
calls=11 0 
0 36902
0 77

fn=(532)
0 3985894
cfn=(380)
calls=362354 0 
0 42033064
0 3261186

fn=(534)
0 5490784
cfn=(522)
calls=343174 0 
0 31910886
0 1029522

fn=(292)
0 16
cob=(2)
cfi=(16)
cfn=(294)
calls=1 0 
0 6
0 7
cfn=(298)
calls=1 0 
0 17
0 11

totals: 4935663522
